Date,Spokane St. Bridge Total,West,East
01/01/2014 12:00:00 AM,0,0,0
01/01/2014 01:00:00 AM,3,3,0
01/01/2014 02:00:00 AM,6,5,1
01/01/2014 03:00:00 AM,7,6,1
01/01/2014 04:00:00 AM,0,0,0
01/01/2014 05:00:00 AM,6,5,1
01/01/2014 06:00:00 AM,1,1,0
01/01/2014 07:00:00 AM,2,0,2
01/01/2014 08:00:00 AM,7,1,6
01/01/2014 09:00:00 AM,6,2,4
01/01/2014 10:00:00 AM,17,6,11
01/01/2014 11:00:00 AM,35,18,17
01/01/2014 12:00:00 PM,28,12,16
01/01/2014 01:00:00 PM,24,12,12
01/01/2014 02:00:00 PM,40,18,22
01/01/2014 03:00:00 PM,29,15,14
01/01/2014 04:00:00 PM,20,9,11
01/01/2014 05:00:00 PM,10,5,5
01/01/2014 06:00:00 PM,1,1,0
01/01/2014 07:00:00 PM,1,0,1
01/01/2014 08:00:00 PM,0,0,0
01/01/2014 09:00:00 PM,0,0,0
01/01/2014 10:00:00 PM,3,2,1
01/01/2014 11:00:00 PM,0,0,0
01/02/2014 12:00:00 AM,1,1,0
01/02/2014 01:00:00 AM,2,1,1
01/02/2014 02:00:00 AM,0,0,0
01/02/2014 03:00:00 AM,1,0,1
01/02/2014 04:00:00 AM,2,0,2
01/02/2014 05:00:00 AM,10,1,9
01/02/2014 06:00:00 AM,37,8,29
01/02/2014 07:00:00 AM,59,10,49
01/02/2014 08:00:00 AM,76,9,67
01/02/2014 09:00:00 AM,30,2,28
01/02/2014 10:00:00 AM,5,0,5
01/02/2014 11:00:00 AM,11,4,7
01/02/2014 12:00:00 PM,13,1,12
01/02/2014 01:00:00 PM,19,9,10
01/02/2014 02:00:00 PM,16,10,6
01/02/2014 03:00:00 PM,23,20,3
01/02/2014 04:00:00 PM,38,27,11
01/02/2014 05:00:00 PM,76,64,12
01/02/2014 06:00:00 PM,41,38,3
01/02/2014 07:00:00 PM,24,21,3
01/02/2014 08:00:00 PM,3,2,1
01/02/2014 09:00:00 PM,3,2,1
01/02/2014 10:00:00 PM,3,2,1
01/02/2014 11:00:00 PM,3,1,2
01/03/2014 12:00:00 AM,8,0,8
01/03/2014 01:00:00 AM,1,1,0
01/03/2014 02:00:00 AM,0,0,0
01/03/2014 03:00:00 AM,0,0,0
01/03/2014 04:00:00 AM,2,0,2
01/03/2014 05:00:00 AM,15,3,12
01/03/2014 06:00:00 AM,34,3,31
01/03/2014 07:00:00 AM,48,9,39
01/03/2014 08:00:00 AM,69,8,61
01/03/2014 09:00:00 AM,32,4,28
01/03/2014 10:00:00 AM,11,4,7
01/03/2014 11:00:00 AM,8,3,5
01/03/2014 12:00:00 PM,16,7,9
01/03/2014 01:00:00 PM,23,11,12
01/03/2014 02:00:00 PM,28,11,17
01/03/2014 03:00:00 PM,37,22,15
01/03/2014 04:00:00 PM,51,40,11
01/03/2014 05:00:00 PM,67,58,9
01/03/2014 06:00:00 PM,27,26,1
01/03/2014 07:00:00 PM,11,9,2
01/03/2014 08:00:00 PM,8,8,0
01/03/2014 09:00:00 PM,3,3,0
01/03/2014 10:00:00 PM,9,7,2
01/03/2014 11:00:00 PM,2,1,1
01/04/2014 12:00:00 AM,0,0,0
01/04/2014 01:00:00 AM,1,1,0
01/04/2014 02:00:00 AM,4,2,2
01/04/2014 03:00:00 AM,0,0,0
01/04/2014 04:00:00 AM,1,1,0
01/04/2014 05:00:00 AM,6,0,6
01/04/2014 06:00:00 AM,5,1,4
01/04/2014 07:00:00 AM,2,0,2
01/04/2014 08:00:00 AM,13,2,11
01/04/2014 09:00:00 AM,14,5,9
01/04/2014 10:00:00 AM,37,28,9
01/04/2014 11:00:00 AM,43,29,14
01/04/2014 12:00:00 PM,45,18,27
01/04/2014 01:00:00 PM,85,23,62
01/04/2014 02:00:00 PM,51,22,29
01/04/2014 03:00:00 PM,46,33,13
01/04/2014 04:00:00 PM,32,10,22
01/04/2014 05:00:00 PM,15,9,6
01/04/2014 06:00:00 PM,5,2,3
01/04/2014 07:00:00 PM,4,0,4
01/04/2014 08:00:00 PM,1,1,0
01/04/2014 09:00:00 PM,5,1,4
01/04/2014 10:00:00 PM,3,2,1
01/04/2014 11:00:00 PM,2,0,2
01/05/2014 12:00:00 AM,1,1,0
01/05/2014 01:00:00 AM,0,0,0
01/05/2014 02:00:00 AM,1,1,0
01/05/2014 03:00:00 AM,1,1,0
01/05/2014 04:00:00 AM,0,0,0
01/05/2014 05:00:00 AM,3,1,2
01/05/2014 06:00:00 AM,1,1,0
01/05/2014 07:00:00 AM,5,4,1
01/05/2014 08:00:00 AM,5,0,5
01/05/2014 09:00:00 AM,7,3,4
01/05/2014 10:00:00 AM,23,10,13
01/05/2014 11:00:00 AM,28,8,20
01/05/2014 12:00:00 PM,33,20,13
01/05/2014 01:00:00 PM,50,28,22
01/05/2014 02:00:00 PM,50,26,24
01/05/2014 03:00:00 PM,41,19,22
01/05/2014 04:00:00 PM,22,11,11
01/05/2014 05:00:00 PM,7,2,5
01/05/2014 06:00:00 PM,4,3,1
01/05/2014 07:00:00 PM,5,4,1
01/05/2014 08:00:00 PM,1,1,0
01/05/2014 09:00:00 PM,0,0,0
01/05/2014 10:00:00 PM,1,0,1
01/05/2014 11:00:00 PM,0,0,0
01/06/2014 12:00:00 AM,0,0,0
01/06/2014 01:00:00 AM,1,1,0
01/06/2014 02:00:00 AM,0,0,0
01/06/2014 03:00:00 AM,3,3,0
01/06/2014 04:00:00 AM,4,1,3
01/06/2014 05:00:00 AM,18,5,13
01/06/2014 06:00:00 AM,54,7,47
01/06/2014 07:00:00 AM,72,13,59
01/06/2014 08:00:00 AM,67,3,64
01/06/2014 09:00:00 AM,32,4,28
01/06/2014 10:00:00 AM,15,2,13
01/06/2014 11:00:00 AM,12,6,6
01/06/2014 12:00:00 PM,3,0,3
01/06/2014 01:00:00 PM,12,2,10
01/06/2014 02:00:00 PM,17,11,6
01/06/2014 03:00:00 PM,32,23,9
01/06/2014 04:00:00 PM,60,42,18
01/06/2014 05:00:00 PM,95,78,17
01/06/2014 06:00:00 PM,57,50,7
01/06/2014 07:00:00 PM,12,11,1
01/06/2014 08:00:00 PM,10,8,2
01/06/2014 09:00:00 PM,4,4,0
01/06/2014 10:00:00 PM,2,2,0
01/06/2014 11:00:00 PM,1,1,0
01/07/2014 12:00:00 AM,2,2,0
01/07/2014 01:00:00 AM,0,0,0
01/07/2014 02:00:00 AM,1,1,0
01/07/2014 03:00:00 AM,0,0,0
01/07/2014 04:00:00 AM,3,0,3
01/07/2014 05:00:00 AM,18,3,15
01/07/2014 06:00:00 AM,47,10,37
01/07/2014 07:00:00 AM,71,12,59
01/07/2014 08:00:00 AM,83,4,79
01/07/2014 09:00:00 AM,28,4,24
01/07/2014 10:00:00 AM,14,0,14
01/07/2014 11:00:00 AM,7,5,2
01/07/2014 12:00:00 PM,7,3,4
01/07/2014 01:00:00 PM,11,5,6
01/07/2014 02:00:00 PM,9,7,2
01/07/2014 03:00:00 PM,24,16,8
01/07/2014 04:00:00 PM,49,31,18
01/07/2014 05:00:00 PM,82,70,12
01/07/2014 06:00:00 PM,52,46,6
01/07/2014 07:00:00 PM,15,14,1
01/07/2014 08:00:00 PM,14,13,1
01/07/2014 09:00:00 PM,2,2,0
01/07/2014 10:00:00 PM,0,0,0
01/07/2014 11:00:00 PM,2,2,0
01/08/2014 12:00:00 AM,2,2,0
01/08/2014 01:00:00 AM,0,0,0
01/08/2014 02:00:00 AM,1,1,0
01/08/2014 03:00:00 AM,0,0,0
01/08/2014 04:00:00 AM,3,0,3
01/08/2014 05:00:00 AM,16,3,13
01/08/2014 06:00:00 AM,47,9,38
01/08/2014 07:00:00 AM,60,11,49
01/08/2014 08:00:00 AM,86,7,79
01/08/2014 09:00:00 AM,29,3,26
01/08/2014 10:00:00 AM,13,3,10
01/08/2014 11:00:00 AM,5,1,4
01/08/2014 12:00:00 PM,9,5,4
01/08/2014 01:00:00 PM,16,6,10
01/08/2014 02:00:00 PM,11,6,5
01/08/2014 03:00:00 PM,20,19,1
01/08/2014 04:00:00 PM,57,44,13
01/08/2014 05:00:00 PM,62,52,10
01/08/2014 06:00:00 PM,43,37,6
01/08/2014 07:00:00 PM,16,13,3
01/08/2014 08:00:00 PM,8,8,0
01/08/2014 09:00:00 PM,6,5,1
01/08/2014 10:00:00 PM,6,5,1
01/08/2014 11:00:00 PM,5,4,1
01/09/2014 12:00:00 AM,2,2,0
01/09/2014 01:00:00 AM,0,0,0
01/09/2014 02:00:00 AM,1,0,1
01/09/2014 03:00:00 AM,0,0,0
01/09/2014 04:00:00 AM,4,1,3
01/09/2014 05:00:00 AM,17,3,14
01/09/2014 06:00:00 AM,42,10,32
01/09/2014 07:00:00 AM,72,9,63
01/09/2014 08:00:00 AM,63,3,60
01/09/2014 09:00:00 AM,42,0,42
01/09/2014 10:00:00 AM,13,1,12
01/09/2014 11:00:00 AM,9,2,7
01/09/2014 12:00:00 PM,12,6,6
01/09/2014 01:00:00 PM,12,6,6
01/09/2014 02:00:00 PM,13,10,3
01/09/2014 03:00:00 PM,21,16,5
01/09/2014 04:00:00 PM,41,28,13
01/09/2014 05:00:00 PM,84,71,13
01/09/2014 06:00:00 PM,51,48,3
01/09/2014 07:00:00 PM,19,13,6
01/09/2014 08:00:00 PM,12,12,0
01/09/2014 09:00:00 PM,8,6,2
01/09/2014 10:00:00 PM,2,1,1
01/09/2014 11:00:00 PM,3,1,2
01/10/2014 12:00:00 AM,2,2,0
01/10/2014 01:00:00 AM,1,1,0
01/10/2014 02:00:00 AM,1,1,0
01/10/2014 03:00:00 AM,3,3,0
01/10/2014 04:00:00 AM,3,1,2
01/10/2014 05:00:00 AM,11,3,8
01/10/2014 06:00:00 AM,30,6,24
01/10/2014 07:00:00 AM,64,13,51
01/10/2014 08:00:00 AM,51,3,48
01/10/2014 09:00:00 AM,30,7,23
01/10/2014 10:00:00 AM,11,0,11
01/10/2014 11:00:00 AM,5,1,4
01/10/2014 12:00:00 PM,8,3,5
01/10/2014 01:00:00 PM,6,4,2
01/10/2014 02:00:00 PM,10,6,4
01/10/2014 03:00:00 PM,25,21,4
01/10/2014 04:00:00 PM,30,20,10
01/10/2014 05:00:00 PM,60,50,10
01/10/2014 06:00:00 PM,39,32,7
01/10/2014 07:00:00 PM,12,11,1
01/10/2014 08:00:00 PM,2,2,0
01/10/2014 09:00:00 PM,1,1,0
01/10/2014 10:00:00 PM,4,4,0
01/10/2014 11:00:00 PM,3,2,1
01/11/2014 12:00:00 AM,0,0,0
01/11/2014 01:00:00 AM,1,1,0
01/11/2014 02:00:00 AM,1,1,0
01/11/2014 03:00:00 AM,3,2,1
01/11/2014 04:00:00 AM,0,0,0
01/11/2014 05:00:00 AM,1,0,1
01/11/2014 06:00:00 AM,2,1,1
01/11/2014 07:00:00 AM,2,1,1
01/11/2014 08:00:00 AM,6,1,5
01/11/2014 09:00:00 AM,15,7,8
01/11/2014 10:00:00 AM,8,2,6
01/11/2014 11:00:00 AM,11,6,5
01/11/2014 12:00:00 PM,5,1,4
01/11/2014 01:00:00 PM,5,0,5
01/11/2014 02:00:00 PM,3,1,2
01/11/2014 03:00:00 PM,3,2,1
01/11/2014 04:00:00 PM,5,1,4
01/11/2014 05:00:00 PM,3,2,1
01/11/2014 06:00:00 PM,4,3,1
01/11/2014 07:00:00 PM,1,0,1
01/11/2014 08:00:00 PM,2,1,1
01/11/2014 09:00:00 PM,2,2,0
01/11/2014 10:00:00 PM,2,2,0
01/11/2014 11:00:00 PM,1,1,0
01/12/2014 12:00:00 AM,0,0,0
01/12/2014 01:00:00 AM,0,0,0
01/12/2014 02:00:00 AM,1,1,0
01/12/2014 03:00:00 AM,0,0,0
01/12/2014 04:00:00 AM,0,0,0
01/12/2014 05:00:00 AM,3,1,2
01/12/2014 06:00:00 AM,3,1,2
01/12/2014 07:00:00 AM,0,0,0
01/12/2014 08:00:00 AM,6,0,6
01/12/2014 09:00:00 AM,4,2,2
01/12/2014 10:00:00 AM,11,6,5
01/12/2014 11:00:00 AM,9,2,7
01/12/2014 12:00:00 PM,11,3,8
01/12/2014 01:00:00 PM,8,5,3
01/12/2014 02:00:00 PM,8,5,3
01/12/2014 03:00:00 PM,14,9,5
01/12/2014 04:00:00 PM,11,5,6
01/12/2014 05:00:00 PM,8,4,4
01/12/2014 06:00:00 PM,5,3,2
01/12/2014 07:00:00 PM,2,1,1
01/12/2014 08:00:00 PM,1,1,0
01/12/2014 09:00:00 PM,0,0,0
01/12/2014 10:00:00 PM,0,0,0
01/12/2014 11:00:00 PM,1,1,0
01/13/2014 12:00:00 AM,0,0,0
01/13/2014 01:00:00 AM,1,1,0
01/13/2014 02:00:00 AM,2,0,2
01/13/2014 03:00:00 AM,4,4,0
01/13/2014 04:00:00 AM,4,0,4
01/13/2014 05:00:00 AM,19,3,16
01/13/2014 06:00:00 AM,37,7,30
01/13/2014 07:00:00 AM,75,9,66
01/13/2014 08:00:00 AM,75,8,67
01/13/2014 09:00:00 AM,38,6,32
01/13/2014 10:00:00 AM,27,4,23
01/13/2014 11:00:00 AM,12,3,9
01/13/2014 12:00:00 PM,15,6,9
01/13/2014 01:00:00 PM,16,3,13
01/13/2014 02:00:00 PM,15,11,4
01/13/2014 03:00:00 PM,25,18,7
01/13/2014 04:00:00 PM,54,41,13
01/13/2014 05:00:00 PM,93,81,12
01/13/2014 06:00:00 PM,73,65,8
01/13/2014 07:00:00 PM,20,15,5
01/13/2014 08:00:00 PM,16,14,2
01/13/2014 09:00:00 PM,6,4,2
01/13/2014 10:00:00 PM,3,2,1
01/13/2014 11:00:00 PM,3,2,1
01/14/2014 12:00:00 AM,3,1,2
01/14/2014 01:00:00 AM,1,0,1
01/14/2014 02:00:00 AM,1,0,1
01/14/2014 03:00:00 AM,1,0,1
01/14/2014 04:00:00 AM,5,1,4
01/14/2014 05:00:00 AM,28,5,23
01/14/2014 06:00:00 AM,66,13,53
01/14/2014 07:00:00 AM,101,15,86
01/14/2014 08:00:00 AM,98,6,92
01/14/2014 09:00:00 AM,33,7,26
01/14/2014 10:00:00 AM,21,6,15
01/14/2014 11:00:00 AM,18,5,13
01/14/2014 12:00:00 PM,12,6,6
01/14/2014 01:00:00 PM,17,9,8
01/14/2014 02:00:00 PM,28,19,9
01/14/2014 03:00:00 PM,30,27,3
01/14/2014 04:00:00 PM,81,59,22
01/14/2014 05:00:00 PM,104,89,15
01/14/2014 06:00:00 PM,70,57,13
01/14/2014 07:00:00 PM,22,18,4
01/14/2014 08:00:00 PM,9,6,3
01/14/2014 09:00:00 PM,10,9,1
01/14/2014 10:00:00 PM,5,4,1
01/14/2014 11:00:00 PM,3,3,0
01/15/2014 12:00:00 AM,3,2,1
01/15/2014 01:00:00 AM,0,0,0
01/15/2014 02:00:00 AM,2,2,0
01/15/2014 03:00:00 AM,2,2,0
01/15/2014 04:00:00 AM,7,0,7
01/15/2014 05:00:00 AM,25,7,18
01/15/2014 06:00:00 AM,59,11,48
01/15/2014 07:00:00 AM,73,10,63
01/15/2014 08:00:00 AM,111,12,99
01/15/2014 09:00:00 AM,36,5,31
01/15/2014 10:00:00 AM,21,6,15
01/15/2014 11:00:00 AM,27,13,14
01/15/2014 12:00:00 PM,20,7,13
01/15/2014 01:00:00 PM,27,14,13
01/15/2014 02:00:00 PM,22,11,11
01/15/2014 03:00:00 PM,32,25,7
01/15/2014 04:00:00 PM,73,55,18
01/15/2014 05:00:00 PM,85,72,13
01/15/2014 06:00:00 PM,80,70,10
01/15/2014 07:00:00 PM,47,38,9
01/15/2014 08:00:00 PM,27,16,11
01/15/2014 09:00:00 PM,8,8,0
01/15/2014 10:00:00 PM,8,5,3
01/15/2014 11:00:00 PM,2,1,1
01/16/2014 12:00:00 AM,0,0,0
01/16/2014 01:00:00 AM,0,0,0
01/16/2014 02:00:00 AM,1,1,0
01/16/2014 03:00:00 AM,1,1,0
01/16/2014 04:00:00 AM,4,0,4
01/16/2014 05:00:00 AM,13,4,9
01/16/2014 06:00:00 AM,56,8,48
01/16/2014 07:00:00 AM,97,13,84
01/16/2014 08:00:00 AM,91,4,87
01/16/2014 09:00:00 AM,51,9,42
01/16/2014 10:00:00 AM,10,2,8
01/16/2014 11:00:00 AM,12,6,6
01/16/2014 12:00:00 PM,20,7,13
01/16/2014 01:00:00 PM,19,7,12
01/16/2014 02:00:00 PM,18,11,7
01/16/2014 03:00:00 PM,31,21,10
01/16/2014 04:00:00 PM,61,44,17
01/16/2014 05:00:00 PM,115,95,20
01/16/2014 06:00:00 PM,57,46,11
01/16/2014 07:00:00 PM,36,26,10
01/16/2014 08:00:00 PM,16,12,4
01/16/2014 09:00:00 PM,9,5,4
01/16/2014 10:00:00 PM,7,7,0
01/16/2014 11:00:00 PM,5,4,1
01/17/2014 12:00:00 AM,2,2,0
01/17/2014 01:00:00 AM,1,1,0
01/17/2014 02:00:00 AM,0,0,0
01/17/2014 03:00:00 AM,2,2,0
01/17/2014 04:00:00 AM,2,0,2
01/17/2014 05:00:00 AM,15,3,12
01/17/2014 06:00:00 AM,56,11,45
01/17/2014 07:00:00 AM,92,12,80
01/17/2014 08:00:00 AM,73,7,66
01/17/2014 09:00:00 AM,39,4,35
01/17/2014 10:00:00 AM,11,1,10
01/17/2014 11:00:00 AM,14,6,8
01/17/2014 12:00:00 PM,18,6,12
01/17/2014 01:00:00 PM,24,11,13
01/17/2014 02:00:00 PM,23,14,9
01/17/2014 03:00:00 PM,33,21,12
01/17/2014 04:00:00 PM,70,60,10
01/17/2014 05:00:00 PM,80,69,11
01/17/2014 06:00:00 PM,53,40,13
01/17/2014 07:00:00 PM,22,18,4
01/17/2014 08:00:00 PM,7,6,1
01/17/2014 09:00:00 PM,8,6,2
01/17/2014 10:00:00 PM,3,2,1
01/17/2014 11:00:00 PM,3,3,0
01/18/2014 12:00:00 AM,3,3,0
01/18/2014 01:00:00 AM,1,1,0
01/18/2014 02:00:00 AM,3,2,1
01/18/2014 03:00:00 AM,0,0,0
01/18/2014 04:00:00 AM,2,1,1
01/18/2014 05:00:00 AM,4,0,4
01/18/2014 06:00:00 AM,5,1,4
01/18/2014 07:00:00 AM,12,1,11
01/18/2014 08:00:00 AM,21,1,20
01/18/2014 09:00:00 AM,14,4,10
01/18/2014 10:00:00 AM,13,3,10
01/18/2014 11:00:00 AM,28,19,9
01/18/2014 12:00:00 PM,43,17,26
01/18/2014 01:00:00 PM,36,13,23
01/18/2014 02:00:00 PM,44,22,22
01/18/2014 03:00:00 PM,44,24,20
01/18/2014 04:00:00 PM,43,26,17
01/18/2014 05:00:00 PM,28,16,12
01/18/2014 06:00:00 PM,17,13,4
01/18/2014 07:00:00 PM,9,4,5
01/18/2014 08:00:00 PM,9,5,4
01/18/2014 09:00:00 PM,5,2,3
01/18/2014 10:00:00 PM,5,3,2
01/18/2014 11:00:00 PM,3,3,0
01/19/2014 12:00:00 AM,0,0,0
01/19/2014 01:00:00 AM,3,3,0
01/19/2014 02:00:00 AM,4,1,3
01/19/2014 03:00:00 AM,1,1,0
01/19/2014 04:00:00 AM,2,2,0
01/19/2014 05:00:00 AM,3,0,3
01/19/2014 06:00:00 AM,3,0,3
01/19/2014 07:00:00 AM,4,1,3
01/19/2014 08:00:00 AM,11,2,9
01/19/2014 09:00:00 AM,18,5,13
01/19/2014 10:00:00 AM,28,14,14
01/19/2014 11:00:00 AM,34,17,17
01/19/2014 12:00:00 PM,35,16,19
01/19/2014 01:00:00 PM,16,6,10
01/19/2014 02:00:00 PM,25,10,15
01/19/2014 03:00:00 PM,6,4,2
01/19/2014 04:00:00 PM,6,6,0
01/19/2014 05:00:00 PM,5,2,3
01/19/2014 06:00:00 PM,2,2,0
01/19/2014 07:00:00 PM,9,7,2
01/19/2014 08:00:00 PM,8,5,3
01/19/2014 09:00:00 PM,6,4,2
01/19/2014 10:00:00 PM,2,1,1
01/19/2014 11:00:00 PM,0,0,0
01/20/2014 12:00:00 AM,0,0,0
01/20/2014 01:00:00 AM,0,0,0
01/20/2014 02:00:00 AM,3,1,2
01/20/2014 03:00:00 AM,2,1,1
01/20/2014 04:00:00 AM,4,1,3
01/20/2014 05:00:00 AM,12,5,7
01/20/2014 06:00:00 AM,27,6,21
01/20/2014 07:00:00 AM,47,10,37
01/20/2014 08:00:00 AM,46,3,43
01/20/2014 09:00:00 AM,29,7,22
01/20/2014 10:00:00 AM,30,9,21
01/20/2014 11:00:00 AM,14,7,7
01/20/2014 12:00:00 PM,33,20,13
01/20/2014 01:00:00 PM,25,10,15
01/20/2014 02:00:00 PM,31,17,14
01/20/2014 03:00:00 PM,57,34,23
01/20/2014 04:00:00 PM,65,40,25
01/20/2014 05:00:00 PM,50,39,11
01/20/2014 06:00:00 PM,36,28,8
01/20/2014 07:00:00 PM,20,16,4
01/20/2014 08:00:00 PM,9,7,2
01/20/2014 09:00:00 PM,3,3,0
01/20/2014 10:00:00 PM,2,2,0
01/20/2014 11:00:00 PM,1,1,0
01/21/2014 12:00:00 AM,0,0,0
01/21/2014 01:00:00 AM,0,0,0
01/21/2014 02:00:00 AM,1,1,0
01/21/2014 03:00:00 AM,1,1,0
01/21/2014 04:00:00 AM,2,0,2
01/21/2014 05:00:00 AM,26,4,22
01/21/2014 06:00:00 AM,56,10,46
01/21/2014 07:00:00 AM,98,11,87
01/21/2014 08:00:00 AM,99,5,94
01/21/2014 09:00:00 AM,34,4,30
01/21/2014 10:00:00 AM,13,1,12
01/21/2014 11:00:00 AM,16,7,9
01/21/2014 12:00:00 PM,18,8,10
01/21/2014 01:00:00 PM,19,5,14
01/21/2014 02:00:00 PM,20,13,7
01/21/2014 03:00:00 PM,41,32,9
01/21/2014 04:00:00 PM,64,51,13
01/21/2014 05:00:00 PM,103,82,21
01/21/2014 06:00:00 PM,81,74,7
01/21/2014 07:00:00 PM,27,21,6
01/21/2014 08:00:00 PM,13,12,1
01/21/2014 09:00:00 PM,13,10,3
01/21/2014 10:00:00 PM,4,3,1
01/21/2014 11:00:00 PM,1,1,0
01/22/2014 12:00:00 AM,2,2,0
01/22/2014 01:00:00 AM,1,1,0
01/22/2014 02:00:00 AM,0,0,0
01/22/2014 03:00:00 AM,2,2,0
01/22/2014 04:00:00 AM,9,0,9
01/22/2014 05:00:00 AM,17,3,14
01/22/2014 06:00:00 AM,57,8,49
01/22/2014 07:00:00 AM,94,17,77
01/22/2014 08:00:00 AM,97,10,87
01/22/2014 09:00:00 AM,32,5,27
01/22/2014 10:00:00 AM,25,5,20
01/22/2014 11:00:00 AM,19,7,12
01/22/2014 12:00:00 PM,12,7,5
01/22/2014 01:00:00 PM,20,5,15
01/22/2014 02:00:00 PM,22,16,6
01/22/2014 03:00:00 PM,38,30,8
01/22/2014 04:00:00 PM,58,43,15
01/22/2014 05:00:00 PM,112,97,15
01/22/2014 06:00:00 PM,77,65,12
01/22/2014 07:00:00 PM,19,16,3
01/22/2014 08:00:00 PM,25,23,2
01/22/2014 09:00:00 PM,5,5,0
01/22/2014 10:00:00 PM,7,5,2
01/22/2014 11:00:00 PM,2,2,0
01/23/2014 12:00:00 AM,1,1,0
01/23/2014 01:00:00 AM,1,1,0
01/23/2014 02:00:00 AM,1,1,0
01/23/2014 03:00:00 AM,3,1,2
01/23/2014 04:00:00 AM,6,1,5
01/23/2014 05:00:00 AM,18,2,16
01/23/2014 06:00:00 AM,58,7,51
01/23/2014 07:00:00 AM,89,8,81
01/23/2014 08:00:00 AM,93,4,89
01/23/2014 09:00:00 AM,36,4,32
01/23/2014 10:00:00 AM,22,10,12
01/23/2014 11:00:00 AM,14,7,7
01/23/2014 12:00:00 PM,17,8,9
01/23/2014 01:00:00 PM,22,7,15
01/23/2014 02:00:00 PM,33,16,17
01/23/2014 03:00:00 PM,53,37,16
01/23/2014 04:00:00 PM,86,56,30
01/23/2014 05:00:00 PM,104,92,12
01/23/2014 06:00:00 PM,56,51,5
01/23/2014 07:00:00 PM,27,24,3
01/23/2014 08:00:00 PM,17,11,6
01/23/2014 09:00:00 PM,10,5,5
01/23/2014 10:00:00 PM,11,9,2
01/23/2014 11:00:00 PM,4,3,1
01/24/2014 12:00:00 AM,2,2,0
01/24/2014 01:00:00 AM,1,1,0
01/24/2014 02:00:00 AM,2,1,1
01/24/2014 03:00:00 AM,4,2,2
01/24/2014 04:00:00 AM,5,0,5
01/24/2014 05:00:00 AM,16,3,13
01/24/2014 06:00:00 AM,43,6,37
01/24/2014 07:00:00 AM,85,9,76
01/24/2014 08:00:00 AM,84,8,76
01/24/2014 09:00:00 AM,28,1,27
01/24/2014 10:00:00 AM,17,3,14
01/24/2014 11:00:00 AM,20,5,15
01/24/2014 12:00:00 PM,10,5,5
01/24/2014 01:00:00 PM,21,9,12
01/24/2014 02:00:00 PM,38,25,13
01/24/2014 03:00:00 PM,47,35,12
01/24/2014 04:00:00 PM,67,49,18
01/24/2014 05:00:00 PM,96,79,17
01/24/2014 06:00:00 PM,56,49,7
01/24/2014 07:00:00 PM,18,11,7
01/24/2014 08:00:00 PM,12,10,2
01/24/2014 09:00:00 PM,4,4,0
01/24/2014 10:00:00 PM,6,5,1
01/24/2014 11:00:00 PM,4,2,2
01/25/2014 12:00:00 AM,3,3,0
01/25/2014 01:00:00 AM,1,1,0
01/25/2014 02:00:00 AM,0,0,0
01/25/2014 03:00:00 AM,1,1,0
01/25/2014 04:00:00 AM,3,1,2
01/25/2014 05:00:00 AM,1,0,1
01/25/2014 06:00:00 AM,6,0,6
01/25/2014 07:00:00 AM,9,1,8
01/25/2014 08:00:00 AM,19,7,12
01/25/2014 09:00:00 AM,21,3,18
01/25/2014 10:00:00 AM,25,9,16
01/25/2014 11:00:00 AM,31,19,12
01/25/2014 12:00:00 PM,45,28,17
01/25/2014 01:00:00 PM,70,26,44
01/25/2014 02:00:00 PM,66,26,40
01/25/2014 03:00:00 PM,64,43,21
01/25/2014 04:00:00 PM,55,19,36
01/25/2014 05:00:00 PM,17,11,6
01/25/2014 06:00:00 PM,6,4,2
01/25/2014 07:00:00 PM,7,7,0
01/25/2014 08:00:00 PM,2,0,2
01/25/2014 09:00:00 PM,2,1,1
01/25/2014 10:00:00 PM,1,1,0
01/25/2014 11:00:00 PM,2,2,0
01/26/2014 12:00:00 AM,3,3,0
01/26/2014 01:00:00 AM,5,1,4
01/26/2014 02:00:00 AM,2,1,1
01/26/2014 03:00:00 AM,1,0,1
01/26/2014 04:00:00 AM,2,1,1
01/26/2014 05:00:00 AM,2,0,2
01/26/2014 06:00:00 AM,2,0,2
01/26/2014 07:00:00 AM,7,2,5
01/26/2014 08:00:00 AM,9,1,8
01/26/2014 09:00:00 AM,19,8,11
01/26/2014 10:00:00 AM,19,10,9
01/26/2014 11:00:00 AM,35,22,13
01/26/2014 12:00:00 PM,46,29,17
01/26/2014 01:00:00 PM,39,11,28
01/26/2014 02:00:00 PM,57,31,26
01/26/2014 03:00:00 PM,45,27,18
01/26/2014 04:00:00 PM,42,19,23
01/26/2014 05:00:00 PM,16,13,3
01/26/2014 06:00:00 PM,10,6,4
01/26/2014 07:00:00 PM,1,0,1
01/26/2014 08:00:00 PM,3,2,1
01/26/2014 09:00:00 PM,2,0,2
01/26/2014 10:00:00 PM,1,1,0
01/26/2014 11:00:00 PM,3,1,2
01/27/2014 12:00:00 AM,2,1,1
01/27/2014 01:00:00 AM,0,0,0
01/27/2014 02:00:00 AM,0,0,0
01/27/2014 03:00:00 AM,1,1,0
01/27/2014 04:00:00 AM,5,0,5
01/27/2014 05:00:00 AM,15,4,11
01/27/2014 06:00:00 AM,45,9,36
01/27/2014 07:00:00 AM,94,13,81
01/27/2014 08:00:00 AM,82,1,81
01/27/2014 09:00:00 AM,33,4,29
01/27/2014 10:00:00 AM,19,4,15
01/27/2014 11:00:00 AM,6,0,6
01/27/2014 12:00:00 PM,15,8,7
01/27/2014 01:00:00 PM,13,5,8
01/27/2014 02:00:00 PM,18,9,9
01/27/2014 03:00:00 PM,32,24,8
01/27/2014 04:00:00 PM,64,46,18
01/27/2014 05:00:00 PM,105,93,12
01/27/2014 06:00:00 PM,61,56,5
01/27/2014 07:00:00 PM,22,21,1
01/27/2014 08:00:00 PM,12,11,1
01/27/2014 09:00:00 PM,4,2,2
01/27/2014 10:00:00 PM,3,3,0
01/27/2014 11:00:00 PM,4,4,0
01/28/2014 12:00:00 AM,2,1,1
01/28/2014 01:00:00 AM,0,0,0
01/28/2014 02:00:00 AM,0,0,0
01/28/2014 03:00:00 AM,1,0,1
01/28/2014 04:00:00 AM,3,1,2
01/28/2014 05:00:00 AM,22,6,16
01/28/2014 06:00:00 AM,51,8,43
01/28/2014 07:00:00 AM,84,11,73
01/28/2014 08:00:00 AM,94,3,91
01/28/2014 09:00:00 AM,26,3,23
01/28/2014 10:00:00 AM,9,2,7
01/28/2014 11:00:00 AM,13,7,6
01/28/2014 12:00:00 PM,12,5,7
01/28/2014 01:00:00 PM,13,6,7
01/28/2014 02:00:00 PM,21,14,7
01/28/2014 03:00:00 PM,37,28,9
01/28/2014 04:00:00 PM,54,39,15
01/28/2014 05:00:00 PM,107,96,11
01/28/2014 06:00:00 PM,62,53,9
01/28/2014 07:00:00 PM,18,14,4
01/28/2014 08:00:00 PM,8,7,1
01/28/2014 09:00:00 PM,5,2,3
01/28/2014 10:00:00 PM,3,3,0
01/28/2014 11:00:00 PM,1,1,0
01/29/2014 12:00:00 AM,2,2,0
01/29/2014 01:00:00 AM,0,0,0
01/29/2014 02:00:00 AM,1,1,0
01/29/2014 03:00:00 AM,1,1,0
01/29/2014 04:00:00 AM,4,2,2
01/29/2014 05:00:00 AM,11,3,8
01/29/2014 06:00:00 AM,42,8,34
01/29/2014 07:00:00 AM,65,6,59
01/29/2014 08:00:00 AM,82,7,75
01/29/2014 09:00:00 AM,21,4,17
01/29/2014 10:00:00 AM,6,0,6
01/29/2014 11:00:00 AM,7,3,4
01/29/2014 12:00:00 PM,6,3,3
01/29/2014 01:00:00 PM,6,2,4
01/29/2014 02:00:00 PM,10,6,4
01/29/2014 03:00:00 PM,27,19,8
01/29/2014 04:00:00 PM,42,31,11
01/29/2014 05:00:00 PM,69,55,14
01/29/2014 06:00:00 PM,55,46,9
01/29/2014 07:00:00 PM,23,19,4
01/29/2014 08:00:00 PM,11,9,2
01/29/2014 09:00:00 PM,4,3,1
01/29/2014 10:00:00 PM,5,4,1
01/29/2014 11:00:00 PM,2,2,0
01/30/2014 12:00:00 AM,1,1,0
01/30/2014 01:00:00 AM,2,2,0
01/30/2014 02:00:00 AM,2,2,0
01/30/2014 03:00:00 AM,0,0,0
01/30/2014 04:00:00 AM,2,1,1
01/30/2014 05:00:00 AM,11,3,8
01/30/2014 06:00:00 AM,46,7,39
01/30/2014 07:00:00 AM,63,12,51
01/30/2014 08:00:00 AM,81,4,77
01/30/2014 09:00:00 AM,36,5,31
01/30/2014 10:00:00 AM,9,1,8
01/30/2014 11:00:00 AM,10,5,5
01/30/2014 12:00:00 PM,10,4,6
01/30/2014 01:00:00 PM,18,9,9
01/30/2014 02:00:00 PM,26,12,14
01/30/2014 03:00:00 PM,27,18,9
01/30/2014 04:00:00 PM,57,40,17
01/30/2014 05:00:00 PM,90,81,9
01/30/2014 06:00:00 PM,54,48,6
01/30/2014 07:00:00 PM,22,19,3
01/30/2014 08:00:00 PM,11,6,5
01/30/2014 09:00:00 PM,7,6,1
01/30/2014 10:00:00 PM,6,3,3
01/30/2014 11:00:00 PM,8,5,3
01/31/2014 12:00:00 AM,2,1,1
01/31/2014 01:00:00 AM,2,1,1
01/31/2014 02:00:00 AM,2,1,1
01/31/2014 03:00:00 AM,2,1,1
01/31/2014 04:00:00 AM,3,0,3
01/31/2014 05:00:00 AM,15,3,12
01/31/2014 06:00:00 AM,37,8,29
01/31/2014 07:00:00 AM,65,10,55
01/31/2014 08:00:00 AM,68,4,64
01/31/2014 09:00:00 AM,36,5,31
01/31/2014 10:00:00 AM,20,8,12
01/31/2014 11:00:00 AM,10,3,7
01/31/2014 12:00:00 PM,18,9,9
01/31/2014 01:00:00 PM,21,8,13
01/31/2014 02:00:00 PM,18,7,11
01/31/2014 03:00:00 PM,35,27,8
01/31/2014 04:00:00 PM,55,45,10
01/31/2014 05:00:00 PM,81,68,13
01/31/2014 06:00:00 PM,41,31,10
01/31/2014 07:00:00 PM,18,13,5
01/31/2014 08:00:00 PM,0,0,0
01/31/2014 09:00:00 PM,0,0,0
01/31/2014 10:00:00 PM,0,0,0
01/31/2014 11:00:00 PM,0,0,0
02/01/2014 12:00:00 AM,4,4,0
02/01/2014 01:00:00 AM,0,0,0
02/01/2014 02:00:00 AM,0,0,0
02/01/2014 03:00:00 AM,1,1,0
02/01/2014 04:00:00 AM,1,0,1
02/01/2014 05:00:00 AM,3,0,3
02/01/2014 06:00:00 AM,7,1,6
02/01/2014 07:00:00 AM,11,3,8
02/01/2014 08:00:00 AM,33,8,25
02/01/2014 09:00:00 AM,35,23,12
02/01/2014 10:00:00 AM,34,18,16
02/01/2014 11:00:00 AM,40,27,13
02/01/2014 12:00:00 PM,37,14,23
02/01/2014 01:00:00 PM,28,18,10
02/01/2014 02:00:00 PM,32,13,19
02/01/2014 03:00:00 PM,41,22,19
02/01/2014 04:00:00 PM,22,16,6
02/01/2014 05:00:00 PM,20,7,13
02/01/2014 06:00:00 PM,16,7,9
02/01/2014 07:00:00 PM,8,7,1
02/01/2014 08:00:00 PM,5,5,0
02/01/2014 09:00:00 PM,5,3,2
02/01/2014 10:00:00 PM,3,3,0
02/01/2014 11:00:00 PM,2,1,1
02/02/2014 12:00:00 AM,2,2,0
02/02/2014 01:00:00 AM,3,3,0
02/02/2014 02:00:00 AM,0,0,0
02/02/2014 03:00:00 AM,1,0,1
02/02/2014 04:00:00 AM,1,1,0
02/02/2014 05:00:00 AM,2,2,0
02/02/2014 06:00:00 AM,2,1,1
02/02/2014 07:00:00 AM,9,5,4
02/02/2014 08:00:00 AM,12,5,7
02/02/2014 09:00:00 AM,12,5,7
02/02/2014 10:00:00 AM,30,10,20
02/02/2014 11:00:00 AM,41,28,13
02/02/2014 12:00:00 PM,44,17,27
02/02/2014 01:00:00 PM,41,19,22
02/02/2014 02:00:00 PM,36,20,16
02/02/2014 03:00:00 PM,13,9,4
02/02/2014 04:00:00 PM,16,9,7
02/02/2014 05:00:00 PM,7,3,4
02/02/2014 06:00:00 PM,5,2,3
02/02/2014 07:00:00 PM,2,0,2
02/02/2014 08:00:00 PM,8,3,5
02/02/2014 09:00:00 PM,3,1,2
02/02/2014 10:00:00 PM,3,1,2
02/02/2014 11:00:00 PM,3,2,1
02/03/2014 12:00:00 AM,2,1,1
02/03/2014 01:00:00 AM,2,2,0
02/03/2014 02:00:00 AM,1,1,0
02/03/2014 03:00:00 AM,2,2,0
02/03/2014 04:00:00 AM,4,1,3
02/03/2014 05:00:00 AM,17,5,12
02/03/2014 06:00:00 AM,46,10,36
02/03/2014 07:00:00 AM,72,9,63
02/03/2014 08:00:00 AM,79,3,76
02/03/2014 09:00:00 AM,39,6,33
02/03/2014 10:00:00 AM,16,1,15
02/03/2014 11:00:00 AM,11,5,6
02/03/2014 12:00:00 PM,15,5,10
02/03/2014 01:00:00 PM,16,6,10
02/03/2014 02:00:00 PM,14,9,5
02/03/2014 03:00:00 PM,28,19,9
02/03/2014 04:00:00 PM,62,47,15
02/03/2014 05:00:00 PM,101,86,15
02/03/2014 06:00:00 PM,58,55,3
02/03/2014 07:00:00 PM,23,18,5
02/03/2014 08:00:00 PM,8,6,2
02/03/2014 09:00:00 PM,4,3,1
02/03/2014 10:00:00 PM,4,4,0
02/03/2014 11:00:00 PM,0,0,0
02/04/2014 12:00:00 AM,2,2,0
02/04/2014 01:00:00 AM,0,0,0
02/04/2014 02:00:00 AM,0,0,0
02/04/2014 03:00:00 AM,0,0,0
02/04/2014 04:00:00 AM,2,1,1
02/04/2014 05:00:00 AM,13,2,11
02/04/2014 06:00:00 AM,35,7,28
02/04/2014 07:00:00 AM,73,12,61
02/04/2014 08:00:00 AM,85,2,83
02/04/2014 09:00:00 AM,33,5,28
02/04/2014 10:00:00 AM,9,1,8
02/04/2014 11:00:00 AM,15,6,9
02/04/2014 12:00:00 PM,11,6,5
02/04/2014 01:00:00 PM,14,5,9
02/04/2014 02:00:00 PM,10,9,1
02/04/2014 03:00:00 PM,27,21,6
02/04/2014 04:00:00 PM,44,29,15
02/04/2014 05:00:00 PM,95,85,10
02/04/2014 06:00:00 PM,54,48,6
02/04/2014 07:00:00 PM,24,20,4
02/04/2014 08:00:00 PM,9,7,2
02/04/2014 09:00:00 PM,3,2,1
02/04/2014 10:00:00 PM,2,2,0
02/04/2014 11:00:00 PM,3,3,0
02/05/2014 12:00:00 AM,3,2,1
02/05/2014 01:00:00 AM,1,0,1
02/05/2014 02:00:00 AM,0,0,0
02/05/2014 03:00:00 AM,2,1,1
02/05/2014 04:00:00 AM,3,0,3
02/05/2014 05:00:00 AM,16,5,11
02/05/2014 06:00:00 AM,43,7,36
02/05/2014 07:00:00 AM,74,10,64
02/05/2014 08:00:00 AM,69,3,66
02/05/2014 09:00:00 AM,61,4,57
02/05/2014 10:00:00 AM,52,2,50
02/05/2014 11:00:00 AM,48,8,40
02/05/2014 12:00:00 PM,37,11,26
02/05/2014 01:00:00 PM,29,20,9
02/05/2014 02:00:00 PM,60,44,16
02/05/2014 03:00:00 PM,55,47,8
02/05/2014 04:00:00 PM,63,48,15
02/05/2014 05:00:00 PM,96,84,12
02/05/2014 06:00:00 PM,60,51,9
02/05/2014 07:00:00 PM,21,19,2
02/05/2014 08:00:00 PM,4,2,2
02/05/2014 09:00:00 PM,4,4,0
02/05/2014 10:00:00 PM,7,6,1
02/05/2014 11:00:00 PM,5,5,0
02/06/2014 12:00:00 AM,0,0,0
02/06/2014 01:00:00 AM,7,1,6
02/06/2014 02:00:00 AM,0,0,0
02/06/2014 03:00:00 AM,1,1,0
02/06/2014 04:00:00 AM,3,0,3
02/06/2014 05:00:00 AM,10,2,8
02/06/2014 06:00:00 AM,28,8,20
02/06/2014 07:00:00 AM,43,7,36
02/06/2014 08:00:00 AM,54,5,49
02/06/2014 09:00:00 AM,20,2,18
02/06/2014 10:00:00 AM,16,4,12
02/06/2014 11:00:00 AM,7,2,5
02/06/2014 12:00:00 PM,11,4,7
02/06/2014 01:00:00 PM,7,3,4
02/06/2014 02:00:00 PM,9,5,4
02/06/2014 03:00:00 PM,13,9,4
02/06/2014 04:00:00 PM,43,29,14
02/06/2014 05:00:00 PM,62,57,5
02/06/2014 06:00:00 PM,34,30,4
02/06/2014 07:00:00 PM,11,9,2
02/06/2014 08:00:00 PM,4,4,0
02/06/2014 09:00:00 PM,8,5,3
02/06/2014 10:00:00 PM,3,1,2
02/06/2014 11:00:00 PM,5,3,2
02/07/2014 12:00:00 AM,1,1,0
02/07/2014 01:00:00 AM,0,0,0
02/07/2014 02:00:00 AM,1,1,0
02/07/2014 03:00:00 AM,0,0,0
02/07/2014 04:00:00 AM,3,1,2
02/07/2014 05:00:00 AM,9,2,7
02/07/2014 06:00:00 AM,33,1,32
02/07/2014 07:00:00 AM,37,8,29
02/07/2014 08:00:00 AM,49,0,49
02/07/2014 09:00:00 AM,23,1,22
02/07/2014 10:00:00 AM,11,4,7
02/07/2014 11:00:00 AM,11,1,10
02/07/2014 12:00:00 PM,3,1,2
02/07/2014 01:00:00 PM,3,2,1
02/07/2014 02:00:00 PM,11,7,4
02/07/2014 03:00:00 PM,27,19,8
02/07/2014 04:00:00 PM,41,33,8
02/07/2014 05:00:00 PM,45,37,8
02/07/2014 06:00:00 PM,30,25,5
02/07/2014 07:00:00 PM,9,8,1
02/07/2014 08:00:00 PM,7,3,4
02/07/2014 09:00:00 PM,3,2,1
02/07/2014 10:00:00 PM,3,2,1
02/07/2014 11:00:00 PM,3,3,0
02/08/2014 12:00:00 AM,3,3,0
02/08/2014 01:00:00 AM,1,1,0
02/08/2014 02:00:00 AM,0,0,0
02/08/2014 03:00:00 AM,3,2,1
02/08/2014 04:00:00 AM,0,0,0
02/08/2014 05:00:00 AM,1,0,1
02/08/2014 06:00:00 AM,1,0,1
02/08/2014 07:00:00 AM,5,1,4
02/08/2014 08:00:00 AM,10,1,9
02/08/2014 09:00:00 AM,9,1,8
02/08/2014 10:00:00 AM,10,7,3
02/08/2014 11:00:00 AM,23,10,13
02/08/2014 12:00:00 PM,24,14,10
02/08/2014 01:00:00 PM,18,12,6
02/08/2014 02:00:00 PM,16,8,8
02/08/2014 03:00:00 PM,27,13,14
02/08/2014 04:00:00 PM,9,3,6
02/08/2014 05:00:00 PM,10,2,8
02/08/2014 06:00:00 PM,4,3,1
02/08/2014 07:00:00 PM,2,2,0
02/08/2014 08:00:00 PM,1,1,0
02/08/2014 09:00:00 PM,1,1,0
02/08/2014 10:00:00 PM,1,1,0
02/08/2014 11:00:00 PM,1,0,1
02/09/2014 12:00:00 AM,1,0,1
02/09/2014 01:00:00 AM,0,0,0
02/09/2014 02:00:00 AM,0,0,0
02/09/2014 03:00:00 AM,2,0,2
02/09/2014 04:00:00 AM,0,0,0
02/09/2014 05:00:00 AM,0,0,0
02/09/2014 06:00:00 AM,0,0,0
02/09/2014 07:00:00 AM,0,0,0
02/09/2014 08:00:00 AM,0,0,0
02/09/2014 09:00:00 AM,1,0,1
02/09/2014 10:00:00 AM,2,1,1
02/09/2014 11:00:00 AM,0,0,0
02/09/2014 12:00:00 PM,1,1,0
02/09/2014 01:00:00 PM,0,0,0
02/09/2014 02:00:00 PM,0,0,0
02/09/2014 03:00:00 PM,1,0,1
02/09/2014 04:00:00 PM,2,0,2
02/09/2014 05:00:00 PM,6,5,1
02/09/2014 06:00:00 PM,2,2,0
02/09/2014 07:00:00 PM,0,0,0
02/09/2014 08:00:00 PM,1,0,1
02/09/2014 09:00:00 PM,0,0,0
02/09/2014 10:00:00 PM,0,0,0
02/09/2014 11:00:00 PM,0,0,0
02/10/2014 12:00:00 AM,1,1,0
02/10/2014 01:00:00 AM,0,0,0
02/10/2014 02:00:00 AM,2,1,1
02/10/2014 03:00:00 AM,1,1,0
02/10/2014 04:00:00 AM,5,0,5
02/10/2014 05:00:00 AM,4,1,3
02/10/2014 06:00:00 AM,26,4,22
02/10/2014 07:00:00 AM,41,7,34
02/10/2014 08:00:00 AM,44,3,41
02/10/2014 09:00:00 AM,27,3,24
02/10/2014 10:00:00 AM,9,2,7
02/10/2014 11:00:00 AM,7,3,4
02/10/2014 12:00:00 PM,7,3,4
02/10/2014 01:00:00 PM,7,3,4
02/10/2014 02:00:00 PM,4,2,2
02/10/2014 03:00:00 PM,25,17,8
02/10/2014 04:00:00 PM,33,22,11
02/10/2014 05:00:00 PM,44,35,9
02/10/2014 06:00:00 PM,39,32,7
02/10/2014 07:00:00 PM,16,14,2
02/10/2014 08:00:00 PM,8,5,3
02/10/2014 09:00:00 PM,6,6,0
02/10/2014 10:00:00 PM,1,1,0
02/10/2014 11:00:00 PM,0,0,0
02/11/2014 12:00:00 AM,2,2,0
02/11/2014 01:00:00 AM,0,0,0
02/11/2014 02:00:00 AM,1,1,0
02/11/2014 03:00:00 AM,2,2,0
02/11/2014 04:00:00 AM,1,0,1
02/11/2014 05:00:00 AM,16,5,11
02/11/2014 06:00:00 AM,47,8,39
02/11/2014 07:00:00 AM,75,15,60
02/11/2014 08:00:00 AM,79,8,71
02/11/2014 09:00:00 AM,27,2,25
02/11/2014 10:00:00 AM,10,1,9
02/11/2014 11:00:00 AM,8,4,4
02/11/2014 12:00:00 PM,11,6,5
02/11/2014 01:00:00 PM,8,2,6
02/11/2014 02:00:00 PM,11,9,2
02/11/2014 03:00:00 PM,37,27,10
02/11/2014 04:00:00 PM,41,28,13
02/11/2014 05:00:00 PM,68,56,12
02/11/2014 06:00:00 PM,53,47,6
02/11/2014 07:00:00 PM,18,18,0
02/11/2014 08:00:00 PM,10,8,2
02/11/2014 09:00:00 PM,5,4,1
02/11/2014 10:00:00 PM,2,1,1
02/11/2014 11:00:00 PM,2,2,0
02/12/2014 12:00:00 AM,4,4,0
02/12/2014 01:00:00 AM,0,0,0
02/12/2014 02:00:00 AM,0,0,0
02/12/2014 03:00:00 AM,5,2,3
02/12/2014 04:00:00 AM,4,2,2
02/12/2014 05:00:00 AM,14,4,10
02/12/2014 06:00:00 AM,37,2,35
02/12/2014 07:00:00 AM,52,9,43
02/12/2014 08:00:00 AM,64,4,60
02/12/2014 09:00:00 AM,30,1,29
02/12/2014 10:00:00 AM,15,2,13
02/12/2014 11:00:00 AM,10,2,8
02/12/2014 12:00:00 PM,18,9,9
02/12/2014 01:00:00 PM,15,6,9
02/12/2014 02:00:00 PM,19,11,8
02/12/2014 03:00:00 PM,41,25,16
02/12/2014 04:00:00 PM,62,46,16
02/12/2014 05:00:00 PM,82,64,18
02/12/2014 06:00:00 PM,52,38,14
02/12/2014 07:00:00 PM,7,5,2
02/12/2014 08:00:00 PM,20,18,2
02/12/2014 09:00:00 PM,9,6,3
02/12/2014 10:00:00 PM,4,4,0
02/12/2014 11:00:00 PM,4,3,1
02/13/2014 12:00:00 AM,2,2,0
02/13/2014 01:00:00 AM,2,1,1
02/13/2014 02:00:00 AM,2,1,1
02/13/2014 03:00:00 AM,0,0,0
02/13/2014 04:00:00 AM,6,3,3
02/13/2014 05:00:00 AM,12,2,10
02/13/2014 06:00:00 AM,57,10,47
02/13/2014 07:00:00 AM,61,11,50
02/13/2014 08:00:00 AM,82,5,77
02/13/2014 09:00:00 AM,33,3,30
02/13/2014 10:00:00 AM,13,0,13
02/13/2014 11:00:00 AM,20,4,16
02/13/2014 12:00:00 PM,14,5,9
02/13/2014 01:00:00 PM,18,7,11
02/13/2014 02:00:00 PM,27,17,10
02/13/2014 03:00:00 PM,33,22,11
02/13/2014 04:00:00 PM,63,48,15
02/13/2014 05:00:00 PM,98,88,10
02/13/2014 06:00:00 PM,57,45,12
02/13/2014 07:00:00 PM,17,14,3
02/13/2014 08:00:00 PM,14,12,2
02/13/2014 09:00:00 PM,9,6,3
02/13/2014 10:00:00 PM,5,4,1
02/13/2014 11:00:00 PM,3,2,1
02/14/2014 12:00:00 AM,6,3,3
02/14/2014 01:00:00 AM,3,2,1
02/14/2014 02:00:00 AM,0,0,0
02/14/2014 03:00:00 AM,3,2,1
02/14/2014 04:00:00 AM,5,0,5
02/14/2014 05:00:00 AM,10,2,8
02/14/2014 06:00:00 AM,40,9,31
02/14/2014 07:00:00 AM,51,8,43
02/14/2014 08:00:00 AM,48,3,45
02/14/2014 09:00:00 AM,17,2,15
02/14/2014 10:00:00 AM,10,1,9
02/14/2014 11:00:00 AM,3,2,1
02/14/2014 12:00:00 PM,6,4,2
02/14/2014 01:00:00 PM,9,5,4
02/14/2014 02:00:00 PM,15,7,8
02/14/2014 03:00:00 PM,27,17,10
02/14/2014 04:00:00 PM,55,42,13
02/14/2014 05:00:00 PM,50,40,10
02/14/2014 06:00:00 PM,34,30,4
02/14/2014 07:00:00 PM,10,6,4
02/14/2014 08:00:00 PM,8,7,1
02/14/2014 09:00:00 PM,2,2,0
02/14/2014 10:00:00 PM,3,2,1
02/14/2014 11:00:00 PM,2,2,0
02/15/2014 12:00:00 AM,2,1,1
02/15/2014 01:00:00 AM,1,1,0
02/15/2014 02:00:00 AM,1,1,0
02/15/2014 03:00:00 AM,4,4,0
02/15/2014 04:00:00 AM,1,0,1
02/15/2014 05:00:00 AM,3,1,2
02/15/2014 06:00:00 AM,6,3,3
02/15/2014 07:00:00 AM,6,2,4
02/15/2014 08:00:00 AM,18,4,14
02/15/2014 09:00:00 AM,25,6,19
02/15/2014 10:00:00 AM,27,11,16
02/15/2014 11:00:00 AM,27,18,9
02/15/2014 12:00:00 PM,14,8,6
02/15/2014 01:00:00 PM,12,8,4
02/15/2014 02:00:00 PM,3,1,2
02/15/2014 03:00:00 PM,5,5,0
02/15/2014 04:00:00 PM,4,1,3
02/15/2014 05:00:00 PM,16,11,5
02/15/2014 06:00:00 PM,3,3,0
02/15/2014 07:00:00 PM,5,3,2
02/15/2014 08:00:00 PM,3,2,1
02/15/2014 09:00:00 PM,2,2,0
02/15/2014 10:00:00 PM,1,1,0
02/15/2014 11:00:00 PM,1,1,0
02/16/2014 12:00:00 AM,2,1,1
02/16/2014 01:00:00 AM,0,0,0
02/16/2014 02:00:00 AM,0,0,0
02/16/2014 03:00:00 AM,1,0,1
02/16/2014 04:00:00 AM,1,0,1
02/16/2014 05:00:00 AM,0,0,0
02/16/2014 06:00:00 AM,2,1,1
02/16/2014 07:00:00 AM,3,0,3
02/16/2014 08:00:00 AM,5,1,4
02/16/2014 09:00:00 AM,11,2,9
02/16/2014 10:00:00 AM,11,6,5
02/16/2014 11:00:00 AM,8,5,3
02/16/2014 12:00:00 PM,5,1,4
02/16/2014 01:00:00 PM,9,7,2
02/16/2014 02:00:00 PM,11,1,10
02/16/2014 03:00:00 PM,5,2,3
02/16/2014 04:00:00 PM,4,2,2
02/16/2014 05:00:00 PM,8,6,2
02/16/2014 06:00:00 PM,3,2,1
02/16/2014 07:00:00 PM,1,0,1
02/16/2014 08:00:00 PM,1,1,0
02/16/2014 09:00:00 PM,1,1,0
02/16/2014 10:00:00 PM,1,1,0
02/16/2014 11:00:00 PM,0,0,0
02/17/2014 12:00:00 AM,0,0,0
02/17/2014 01:00:00 AM,1,0,1
02/17/2014 02:00:00 AM,0,0,0
02/17/2014 03:00:00 AM,4,3,1
02/17/2014 04:00:00 AM,2,0,2
02/17/2014 05:00:00 AM,4,2,2
02/17/2014 06:00:00 AM,10,3,7
02/17/2014 07:00:00 AM,13,1,12
02/17/2014 08:00:00 AM,21,3,18
02/17/2014 09:00:00 AM,23,1,22
02/17/2014 10:00:00 AM,12,4,8
02/17/2014 11:00:00 AM,5,1,4
02/17/2014 12:00:00 PM,13,3,10
02/17/2014 01:00:00 PM,8,5,3
02/17/2014 02:00:00 PM,8,5,3
02/17/2014 03:00:00 PM,16,9,7
02/17/2014 04:00:00 PM,24,16,8
02/17/2014 05:00:00 PM,26,18,8
02/17/2014 06:00:00 PM,25,23,2
02/17/2014 07:00:00 PM,11,8,3
02/17/2014 08:00:00 PM,5,3,2
02/17/2014 09:00:00 PM,4,3,1
02/17/2014 10:00:00 PM,6,5,1
02/17/2014 11:00:00 PM,1,0,1
02/18/2014 12:00:00 AM,0,0,0
02/18/2014 01:00:00 AM,0,0,0
02/18/2014 02:00:00 AM,0,0,0
02/18/2014 03:00:00 AM,3,2,1
02/18/2014 04:00:00 AM,3,1,2
02/18/2014 05:00:00 AM,19,4,15
02/18/2014 06:00:00 AM,37,4,33
02/18/2014 07:00:00 AM,59,8,51
02/18/2014 08:00:00 AM,56,4,52
02/18/2014 09:00:00 AM,23,2,21
02/18/2014 10:00:00 AM,4,0,4
02/18/2014 11:00:00 AM,4,2,2
02/18/2014 12:00:00 PM,5,1,4
02/18/2014 01:00:00 PM,4,3,1
02/18/2014 02:00:00 PM,8,4,4
02/18/2014 03:00:00 PM,19,15,4
02/18/2014 04:00:00 PM,47,36,11
02/18/2014 05:00:00 PM,73,64,9
02/18/2014 06:00:00 PM,32,28,4
02/18/2014 07:00:00 PM,11,10,1
02/18/2014 08:00:00 PM,9,8,1
02/18/2014 09:00:00 PM,5,3,2
02/18/2014 10:00:00 PM,4,4,0
02/18/2014 11:00:00 PM,1,1,0
02/19/2014 12:00:00 AM,1,1,0
02/19/2014 01:00:00 AM,0,0,0
02/19/2014 02:00:00 AM,0,0,0
02/19/2014 03:00:00 AM,3,2,1
02/19/2014 04:00:00 AM,2,0,2
02/19/2014 05:00:00 AM,13,3,10
02/19/2014 06:00:00 AM,40,9,31
02/19/2014 07:00:00 AM,71,8,63
02/19/2014 08:00:00 AM,71,6,65
02/19/2014 09:00:00 AM,40,6,34
02/19/2014 10:00:00 AM,15,2,13
02/19/2014 11:00:00 AM,10,1,9
02/19/2014 12:00:00 PM,14,7,7
02/19/2014 01:00:00 PM,11,4,7
02/19/2014 02:00:00 PM,28,19,9
02/19/2014 03:00:00 PM,35,24,11
02/19/2014 04:00:00 PM,48,31,17
02/19/2014 05:00:00 PM,89,78,11
02/19/2014 06:00:00 PM,53,47,6
02/19/2014 07:00:00 PM,29,23,6
02/19/2014 08:00:00 PM,14,10,4
02/19/2014 09:00:00 PM,3,3,0
02/19/2014 10:00:00 PM,4,4,0
02/19/2014 11:00:00 PM,4,4,0
02/20/2014 12:00:00 AM,1,1,0
02/20/2014 01:00:00 AM,1,0,1
02/20/2014 02:00:00 AM,4,2,2
02/20/2014 03:00:00 AM,1,1,0
02/20/2014 04:00:00 AM,3,0,3
02/20/2014 05:00:00 AM,7,2,5
02/20/2014 06:00:00 AM,41,6,35
02/20/2014 07:00:00 AM,64,8,56
02/20/2014 08:00:00 AM,67,7,60
02/20/2014 09:00:00 AM,22,3,19
02/20/2014 10:00:00 AM,11,3,8
02/20/2014 11:00:00 AM,11,2,9
02/20/2014 12:00:00 PM,10,6,4
02/20/2014 01:00:00 PM,15,5,10
02/20/2014 02:00:00 PM,21,8,13
02/20/2014 03:00:00 PM,36,30,6
02/20/2014 04:00:00 PM,44,33,11
02/20/2014 05:00:00 PM,85,71,14
02/20/2014 06:00:00 PM,48,39,9
02/20/2014 07:00:00 PM,21,18,3
02/20/2014 08:00:00 PM,14,7,7
02/20/2014 09:00:00 PM,7,4,3
02/20/2014 10:00:00 PM,7,7,0
02/20/2014 11:00:00 PM,8,4,4
02/21/2014 12:00:00 AM,2,2,0
02/21/2014 01:00:00 AM,0,0,0
02/21/2014 02:00:00 AM,1,1,0
02/21/2014 03:00:00 AM,2,1,1
02/21/2014 04:00:00 AM,6,1,5
02/21/2014 05:00:00 AM,13,1,12
02/21/2014 06:00:00 AM,33,6,27
02/21/2014 07:00:00 AM,57,6,51
02/21/2014 08:00:00 AM,53,5,48
02/21/2014 09:00:00 AM,40,6,34
02/21/2014 10:00:00 AM,9,1,8
02/21/2014 11:00:00 AM,10,2,8
02/21/2014 12:00:00 PM,4,4,0
02/21/2014 01:00:00 PM,7,6,1
02/21/2014 02:00:00 PM,19,8,11
02/21/2014 03:00:00 PM,29,23,6
02/21/2014 04:00:00 PM,44,35,9
02/21/2014 05:00:00 PM,74,62,12
02/21/2014 06:00:00 PM,41,34,7
02/21/2014 07:00:00 PM,12,10,2
02/21/2014 08:00:00 PM,7,5,2
02/21/2014 09:00:00 PM,3,3,0
02/21/2014 10:00:00 PM,7,4,3
02/21/2014 11:00:00 PM,3,2,1
02/22/2014 12:00:00 AM,1,0,1
02/22/2014 01:00:00 AM,3,2,1
02/22/2014 02:00:00 AM,1,0,1
02/22/2014 03:00:00 AM,2,2,0
02/22/2014 04:00:00 AM,0,0,0
02/22/2014 05:00:00 AM,0,0,0
02/22/2014 06:00:00 AM,3,0,3
02/22/2014 07:00:00 AM,7,4,3
02/22/2014 08:00:00 AM,14,2,12
02/22/2014 09:00:00 AM,7,2,5
02/22/2014 10:00:00 AM,14,7,7
02/22/2014 11:00:00 AM,15,13,2
02/22/2014 12:00:00 PM,15,6,9
02/22/2014 01:00:00 PM,16,7,9
02/22/2014 02:00:00 PM,14,7,7
02/22/2014 03:00:00 PM,13,6,7
02/22/2014 04:00:00 PM,10,5,5
02/22/2014 05:00:00 PM,15,9,6
02/22/2014 06:00:00 PM,9,6,3
02/22/2014 07:00:00 PM,1,1,0
02/22/2014 08:00:00 PM,1,1,0
02/22/2014 09:00:00 PM,0,0,0
02/22/2014 10:00:00 PM,4,3,1
02/22/2014 11:00:00 PM,3,1,2
02/23/2014 12:00:00 AM,1,0,1
02/23/2014 01:00:00 AM,1,0,1
02/23/2014 02:00:00 AM,0,0,0
02/23/2014 03:00:00 AM,0,0,0
02/23/2014 04:00:00 AM,0,0,0
02/23/2014 05:00:00 AM,2,2,0
02/23/2014 06:00:00 AM,6,0,6
02/23/2014 07:00:00 AM,29,1,28
02/23/2014 08:00:00 AM,18,2,16
02/23/2014 09:00:00 AM,15,4,11
02/23/2014 10:00:00 AM,14,11,3
02/23/2014 11:00:00 AM,28,11,17
02/23/2014 12:00:00 PM,22,17,5
02/23/2014 01:00:00 PM,29,18,11
02/23/2014 02:00:00 PM,12,9,3
02/23/2014 03:00:00 PM,17,14,3
02/23/2014 04:00:00 PM,9,5,4
02/23/2014 05:00:00 PM,4,2,2
02/23/2014 06:00:00 PM,7,3,4
02/23/2014 07:00:00 PM,0,0,0
02/23/2014 08:00:00 PM,1,1,0
02/23/2014 09:00:00 PM,1,1,0
02/23/2014 10:00:00 PM,2,0,2
02/23/2014 11:00:00 PM,1,0,1
02/24/2014 12:00:00 AM,1,1,0
02/24/2014 01:00:00 AM,0,0,0
02/24/2014 02:00:00 AM,1,0,1
02/24/2014 03:00:00 AM,2,1,1
02/24/2014 04:00:00 AM,2,0,2
02/24/2014 05:00:00 AM,20,5,15
02/24/2014 06:00:00 AM,40,9,31
02/24/2014 07:00:00 AM,69,9,60
02/24/2014 08:00:00 AM,56,7,49
02/24/2014 09:00:00 AM,22,3,19
02/24/2014 10:00:00 AM,6,0,6
02/24/2014 11:00:00 AM,5,1,4
02/24/2014 12:00:00 PM,3,1,2
02/24/2014 01:00:00 PM,7,2,5
02/24/2014 02:00:00 PM,8,5,3
02/24/2014 03:00:00 PM,26,21,5
02/24/2014 04:00:00 PM,41,29,12
02/24/2014 05:00:00 PM,81,67,14
02/24/2014 06:00:00 PM,47,42,5
02/24/2014 07:00:00 PM,13,11,2
02/24/2014 08:00:00 PM,8,7,1
02/24/2014 09:00:00 PM,5,3,2
02/24/2014 10:00:00 PM,2,2,0
02/24/2014 11:00:00 PM,0,0,0
02/25/2014 12:00:00 AM,1,1,0
02/25/2014 01:00:00 AM,3,2,1
02/25/2014 02:00:00 AM,1,0,1
02/25/2014 03:00:00 AM,3,2,1
02/25/2014 04:00:00 AM,0,0,0
02/25/2014 05:00:00 AM,25,5,20
02/25/2014 06:00:00 AM,44,6,38
02/25/2014 07:00:00 AM,87,14,73
02/25/2014 08:00:00 AM,92,8,84
02/25/2014 09:00:00 AM,34,4,30
02/25/2014 10:00:00 AM,18,6,12
02/25/2014 11:00:00 AM,13,3,10
02/25/2014 12:00:00 PM,18,7,11
02/25/2014 01:00:00 PM,14,4,10
02/25/2014 02:00:00 PM,35,20,15
02/25/2014 03:00:00 PM,43,28,15
02/25/2014 04:00:00 PM,68,46,22
02/25/2014 05:00:00 PM,110,91,19
02/25/2014 06:00:00 PM,68,55,13
02/25/2014 07:00:00 PM,22,18,4
02/25/2014 08:00:00 PM,16,16,0
02/25/2014 09:00:00 PM,9,8,1
02/25/2014 10:00:00 PM,2,2,0
02/25/2014 11:00:00 PM,5,3,2
02/26/2014 12:00:00 AM,3,2,1
02/26/2014 01:00:00 AM,0,0,0
02/26/2014 02:00:00 AM,2,1,1
02/26/2014 03:00:00 AM,2,1,1
02/26/2014 04:00:00 AM,3,0,3
02/26/2014 05:00:00 AM,21,3,18
02/26/2014 06:00:00 AM,64,11,53
02/26/2014 07:00:00 AM,98,17,81
02/26/2014 08:00:00 AM,80,9,71
02/26/2014 09:00:00 AM,51,3,48
02/26/2014 10:00:00 AM,17,5,12
02/26/2014 11:00:00 AM,15,3,12
02/26/2014 12:00:00 PM,23,11,12
02/26/2014 01:00:00 PM,20,10,10
02/26/2014 02:00:00 PM,25,14,11
02/26/2014 03:00:00 PM,39,27,12
02/26/2014 04:00:00 PM,86,54,32
02/26/2014 05:00:00 PM,141,114,27
02/26/2014 06:00:00 PM,76,61,15
02/26/2014 07:00:00 PM,32,27,5
02/26/2014 08:00:00 PM,25,17,8
02/26/2014 09:00:00 PM,6,4,2
02/26/2014 10:00:00 PM,6,5,1
02/26/2014 11:00:00 PM,5,4,1
02/27/2014 12:00:00 AM,1,1,0
02/27/2014 01:00:00 AM,1,1,0
02/27/2014 02:00:00 AM,0,0,0
02/27/2014 03:00:00 AM,1,1,0
02/27/2014 04:00:00 AM,3,1,2
02/27/2014 05:00:00 AM,16,5,11
02/27/2014 06:00:00 AM,42,6,36
02/27/2014 07:00:00 AM,97,15,82
02/27/2014 08:00:00 AM,87,10,77
02/27/2014 09:00:00 AM,50,8,42
02/27/2014 10:00:00 AM,21,5,16
02/27/2014 11:00:00 AM,18,4,14
02/27/2014 12:00:00 PM,22,12,10
02/27/2014 01:00:00 PM,16,12,4
02/27/2014 02:00:00 PM,34,22,12
02/27/2014 03:00:00 PM,37,21,16
02/27/2014 04:00:00 PM,66,46,20
02/27/2014 05:00:00 PM,109,90,19
02/27/2014 06:00:00 PM,70,60,10
02/27/2014 07:00:00 PM,25,21,4
02/27/2014 08:00:00 PM,21,15,6
02/27/2014 09:00:00 PM,7,6,1
02/27/2014 10:00:00 PM,9,7,2
02/27/2014 11:00:00 PM,6,4,2
02/28/2014 12:00:00 AM,3,2,1
02/28/2014 01:00:00 AM,2,1,1
02/28/2014 02:00:00 AM,2,1,1
02/28/2014 03:00:00 AM,5,3,2
02/28/2014 04:00:00 AM,5,0,5
02/28/2014 05:00:00 AM,17,3,14
02/28/2014 06:00:00 AM,38,7,31
02/28/2014 07:00:00 AM,92,13,79
02/28/2014 08:00:00 AM,83,10,73
02/28/2014 09:00:00 AM,31,2,29
02/28/2014 10:00:00 AM,25,4,21
02/28/2014 11:00:00 AM,22,8,14
02/28/2014 12:00:00 PM,19,11,8
02/28/2014 01:00:00 PM,28,13,15
02/28/2014 02:00:00 PM,38,21,17
02/28/2014 03:00:00 PM,47,29,18
02/28/2014 04:00:00 PM,67,48,19
02/28/2014 05:00:00 PM,99,81,18
02/28/2014 06:00:00 PM,54,39,15
02/28/2014 07:00:00 PM,24,17,7
02/28/2014 08:00:00 PM,11,8,3
02/28/2014 09:00:00 PM,5,5,0
02/28/2014 10:00:00 PM,4,4,0
02/28/2014 11:00:00 PM,6,2,4
03/01/2014 12:00:00 AM,3,1,2
03/01/2014 01:00:00 AM,2,1,1
03/01/2014 02:00:00 AM,2,1,1
03/01/2014 03:00:00 AM,1,1,0
03/01/2014 04:00:00 AM,3,2,1
03/01/2014 05:00:00 AM,4,1,3
03/01/2014 06:00:00 AM,5,1,4
03/01/2014 07:00:00 AM,5,0,5
03/01/2014 08:00:00 AM,20,3,17
03/01/2014 09:00:00 AM,32,14,18
03/01/2014 10:00:00 AM,29,9,20
03/01/2014 11:00:00 AM,38,22,16
03/01/2014 12:00:00 PM,39,21,18
03/01/2014 01:00:00 PM,33,20,13
03/01/2014 02:00:00 PM,8,5,3
03/01/2014 03:00:00 PM,14,8,6
03/01/2014 04:00:00 PM,11,9,2
03/01/2014 05:00:00 PM,14,13,1
03/01/2014 06:00:00 PM,9,5,4
03/01/2014 07:00:00 PM,5,4,1
03/01/2014 08:00:00 PM,4,2,2
03/01/2014 09:00:00 PM,1,1,0
03/01/2014 10:00:00 PM,2,1,1
03/01/2014 11:00:00 PM,3,1,2
03/02/2014 12:00:00 AM,2,1,1
03/02/2014 01:00:00 AM,3,3,0
03/02/2014 02:00:00 AM,2,0,2
03/02/2014 03:00:00 AM,2,1,1
03/02/2014 04:00:00 AM,2,0,2
03/02/2014 05:00:00 AM,2,1,1
03/02/2014 06:00:00 AM,2,1,1
03/02/2014 07:00:00 AM,3,0,3
03/02/2014 08:00:00 AM,3,1,2
03/02/2014 09:00:00 AM,9,4,5
03/02/2014 10:00:00 AM,16,4,12
03/02/2014 11:00:00 AM,7,3,4
03/02/2014 12:00:00 PM,5,3,2
03/02/2014 01:00:00 PM,4,3,1
03/02/2014 02:00:00 PM,5,4,1
03/02/2014 03:00:00 PM,12,9,3
03/02/2014 04:00:00 PM,7,6,1
03/02/2014 05:00:00 PM,4,3,1
03/02/2014 06:00:00 PM,2,0,2
03/02/2014 07:00:00 PM,0,0,0
03/02/2014 08:00:00 PM,1,1,0
03/02/2014 09:00:00 PM,1,0,1
03/02/2014 10:00:00 PM,1,1,0
03/02/2014 11:00:00 PM,0,0,0
03/03/2014 12:00:00 AM,0,0,0
03/03/2014 01:00:00 AM,0,0,0
03/03/2014 02:00:00 AM,0,0,0
03/03/2014 03:00:00 AM,2,1,1
03/03/2014 04:00:00 AM,3,1,2
03/03/2014 05:00:00 AM,13,3,10
03/03/2014 06:00:00 AM,34,3,31
03/03/2014 07:00:00 AM,60,6,54
03/03/2014 08:00:00 AM,48,2,46
03/03/2014 09:00:00 AM,16,2,14
03/03/2014 10:00:00 AM,4,0,4
03/03/2014 11:00:00 AM,4,1,3
03/03/2014 12:00:00 PM,9,3,6
03/03/2014 01:00:00 PM,10,3,7
03/03/2014 02:00:00 PM,14,8,6
03/03/2014 03:00:00 PM,36,28,8
03/03/2014 04:00:00 PM,51,31,20
03/03/2014 05:00:00 PM,79,68,11
03/03/2014 06:00:00 PM,38,33,5
03/03/2014 07:00:00 PM,27,21,6
03/03/2014 08:00:00 PM,7,6,1
03/03/2014 09:00:00 PM,4,3,1
03/03/2014 10:00:00 PM,3,1,2
03/03/2014 11:00:00 PM,1,1,0
03/04/2014 12:00:00 AM,2,1,1
03/04/2014 01:00:00 AM,2,1,1
03/04/2014 02:00:00 AM,1,0,1
03/04/2014 03:00:00 AM,2,0,2
03/04/2014 04:00:00 AM,1,1,0
03/04/2014 05:00:00 AM,16,3,13
03/04/2014 06:00:00 AM,48,6,42
03/04/2014 07:00:00 AM,70,13,57
03/04/2014 08:00:00 AM,56,5,51
03/04/2014 09:00:00 AM,29,1,28
03/04/2014 10:00:00 AM,6,2,4
03/04/2014 11:00:00 AM,5,0,5
03/04/2014 12:00:00 PM,7,4,3
03/04/2014 01:00:00 PM,10,6,4
03/04/2014 02:00:00 PM,8,6,2
03/04/2014 03:00:00 PM,20,11,9
03/04/2014 04:00:00 PM,38,27,11
03/04/2014 05:00:00 PM,89,72,17
03/04/2014 06:00:00 PM,34,31,3
03/04/2014 07:00:00 PM,21,19,2
03/04/2014 08:00:00 PM,8,6,2
03/04/2014 09:00:00 PM,3,3,0
03/04/2014 10:00:00 PM,1,0,1
03/04/2014 11:00:00 PM,5,5,0
03/05/2014 12:00:00 AM,2,2,0
03/05/2014 01:00:00 AM,1,0,1
03/05/2014 02:00:00 AM,1,1,0
03/05/2014 03:00:00 AM,1,0,1
03/05/2014 04:00:00 AM,2,0,2
03/05/2014 05:00:00 AM,9,1,8
03/05/2014 06:00:00 AM,33,5,28
03/05/2014 07:00:00 AM,59,8,51
03/05/2014 08:00:00 AM,63,8,55
03/05/2014 09:00:00 AM,18,1,17
03/05/2014 10:00:00 AM,16,5,11
03/05/2014 11:00:00 AM,6,1,5
03/05/2014 12:00:00 PM,16,5,11
03/05/2014 01:00:00 PM,12,3,9
03/05/2014 02:00:00 PM,19,11,8
03/05/2014 03:00:00 PM,23,18,5
03/05/2014 04:00:00 PM,36,25,11
03/05/2014 05:00:00 PM,53,45,8
03/05/2014 06:00:00 PM,49,44,5
03/05/2014 07:00:00 PM,16,13,3
03/05/2014 08:00:00 PM,14,11,3
03/05/2014 09:00:00 PM,9,8,1
03/05/2014 10:00:00 PM,4,3,1
03/05/2014 11:00:00 PM,4,2,2
03/06/2014 12:00:00 AM,1,1,0
03/06/2014 01:00:00 AM,0,0,0
03/06/2014 02:00:00 AM,2,1,1
03/06/2014 03:00:00 AM,1,0,1
03/06/2014 04:00:00 AM,2,0,2
03/06/2014 05:00:00 AM,11,2,9
03/06/2014 06:00:00 AM,34,6,28
03/06/2014 07:00:00 AM,56,5,51
03/06/2014 08:00:00 AM,66,6,60
03/06/2014 09:00:00 AM,28,3,25
03/06/2014 10:00:00 AM,7,2,5
03/06/2014 11:00:00 AM,5,2,3
03/06/2014 12:00:00 PM,12,6,6
03/06/2014 01:00:00 PM,10,1,9
03/06/2014 02:00:00 PM,10,2,8
03/06/2014 03:00:00 PM,24,19,5
03/06/2014 04:00:00 PM,43,29,14
03/06/2014 05:00:00 PM,62,54,8
03/06/2014 06:00:00 PM,56,44,12
03/06/2014 07:00:00 PM,20,16,4
03/06/2014 08:00:00 PM,12,9,3
03/06/2014 09:00:00 PM,9,4,5
03/06/2014 10:00:00 PM,5,4,1
03/06/2014 11:00:00 PM,3,3,0
03/07/2014 12:00:00 AM,7,5,2
03/07/2014 01:00:00 AM,1,1,0
03/07/2014 02:00:00 AM,3,2,1
03/07/2014 03:00:00 AM,2,1,1
03/07/2014 04:00:00 AM,4,0,4
03/07/2014 05:00:00 AM,14,2,12
03/07/2014 06:00:00 AM,45,8,37
03/07/2014 07:00:00 AM,93,18,75
03/07/2014 08:00:00 AM,67,3,64
03/07/2014 09:00:00 AM,33,8,25
03/07/2014 10:00:00 AM,28,7,21
03/07/2014 11:00:00 AM,14,3,11
03/07/2014 12:00:00 PM,17,6,11
03/07/2014 01:00:00 PM,33,13,20
03/07/2014 02:00:00 PM,26,15,11
03/07/2014 03:00:00 PM,54,39,15
03/07/2014 04:00:00 PM,69,50,19
03/07/2014 05:00:00 PM,100,85,15
03/07/2014 06:00:00 PM,64,50,14
03/07/2014 07:00:00 PM,19,13,6
03/07/2014 08:00:00 PM,14,10,4
03/07/2014 09:00:00 PM,5,5,0
03/07/2014 10:00:00 PM,3,2,1
03/07/2014 11:00:00 PM,5,2,3
03/08/2014 12:00:00 AM,3,3,0
03/08/2014 01:00:00 AM,0,0,0
03/08/2014 02:00:00 AM,1,1,0
03/08/2014 03:00:00 AM,6,2,4
03/08/2014 04:00:00 AM,3,1,2
03/08/2014 05:00:00 AM,2,0,2
03/08/2014 06:00:00 AM,9,2,7
03/08/2014 07:00:00 AM,10,4,6
03/08/2014 08:00:00 AM,29,9,20
03/08/2014 09:00:00 AM,33,19,14
03/08/2014 10:00:00 AM,31,15,16
03/08/2014 11:00:00 AM,24,12,12
03/08/2014 12:00:00 PM,12,5,7
03/08/2014 01:00:00 PM,12,7,5
03/08/2014 02:00:00 PM,6,3,3
03/08/2014 03:00:00 PM,10,6,4
03/08/2014 04:00:00 PM,5,1,4
03/08/2014 05:00:00 PM,3,3,0
03/08/2014 06:00:00 PM,2,2,0
03/08/2014 07:00:00 PM,3,1,2
03/08/2014 08:00:00 PM,0,0,0
03/08/2014 09:00:00 PM,1,1,0
03/08/2014 10:00:00 PM,0,0,0
03/08/2014 11:00:00 PM,1,0,1
03/09/2014 12:00:00 AM,2,2,0
03/09/2014 01:00:00 AM,0,0,0
03/09/2014 03:00:00 AM,,,
03/09/2014 03:00:00 AM,2,2,0
03/09/2014 04:00:00 AM,1,0,1
03/09/2014 05:00:00 AM,2,1,1
03/09/2014 06:00:00 AM,1,1,0
03/09/2014 07:00:00 AM,0,0,0
03/09/2014 08:00:00 AM,1,0,1
03/09/2014 09:00:00 AM,6,2,4
03/09/2014 10:00:00 AM,12,4,8
03/09/2014 11:00:00 AM,17,10,7
03/09/2014 12:00:00 PM,31,18,13
03/09/2014 01:00:00 PM,40,16,24
03/09/2014 02:00:00 PM,43,20,23
03/09/2014 03:00:00 PM,54,40,14
03/09/2014 04:00:00 PM,40,16,24
03/09/2014 05:00:00 PM,13,5,8
03/09/2014 06:00:00 PM,13,3,10
03/09/2014 07:00:00 PM,6,2,4
03/09/2014 08:00:00 PM,3,0,3
03/09/2014 09:00:00 PM,2,2,0
03/09/2014 10:00:00 PM,3,2,1
03/09/2014 11:00:00 PM,0,0,0
03/10/2014 12:00:00 AM,1,1,0
03/10/2014 01:00:00 AM,0,0,0
03/10/2014 02:00:00 AM,0,0,0
03/10/2014 03:00:00 AM,3,2,1
03/10/2014 04:00:00 AM,3,1,2
03/10/2014 05:00:00 AM,9,4,5
03/10/2014 06:00:00 AM,42,6,36
03/10/2014 07:00:00 AM,62,11,51
03/10/2014 08:00:00 AM,55,9,46
03/10/2014 09:00:00 AM,32,2,30
03/10/2014 10:00:00 AM,10,0,10
03/10/2014 11:00:00 AM,7,2,5
03/10/2014 12:00:00 PM,6,0,6
03/10/2014 01:00:00 PM,8,4,4
03/10/2014 02:00:00 PM,14,7,7
03/10/2014 03:00:00 PM,23,14,9
03/10/2014 04:00:00 PM,65,44,21
03/10/2014 05:00:00 PM,63,54,9
03/10/2014 06:00:00 PM,54,47,7
03/10/2014 07:00:00 PM,22,20,2
03/10/2014 08:00:00 PM,5,4,1
03/10/2014 09:00:00 PM,3,3,0
03/10/2014 10:00:00 PM,6,5,1
03/10/2014 11:00:00 PM,2,2,0
03/11/2014 12:00:00 AM,1,1,0
03/11/2014 01:00:00 AM,0,0,0
03/11/2014 02:00:00 AM,1,1,0
03/11/2014 03:00:00 AM,1,1,0
03/11/2014 04:00:00 AM,2,0,2
03/11/2014 05:00:00 AM,18,4,14
03/11/2014 06:00:00 AM,56,10,46
03/11/2014 07:00:00 AM,107,17,90
03/11/2014 08:00:00 AM,94,11,83
03/11/2014 09:00:00 AM,52,10,42
03/11/2014 10:00:00 AM,16,4,12
03/11/2014 11:00:00 AM,22,8,14
03/11/2014 12:00:00 PM,25,15,10
03/11/2014 01:00:00 PM,33,14,19
03/11/2014 02:00:00 PM,31,20,11
03/11/2014 03:00:00 PM,71,51,20
03/11/2014 04:00:00 PM,84,55,29
03/11/2014 05:00:00 PM,146,120,26
03/11/2014 06:00:00 PM,101,83,18
03/11/2014 07:00:00 PM,35,29,6
03/11/2014 08:00:00 PM,12,10,2
03/11/2014 09:00:00 PM,17,11,6
03/11/2014 10:00:00 PM,9,7,2
03/11/2014 11:00:00 PM,0,0,0
03/12/2014 12:00:00 AM,6,4,2
03/12/2014 01:00:00 AM,2,0,2
03/12/2014 02:00:00 AM,1,1,0
03/12/2014 03:00:00 AM,2,1,1
03/12/2014 04:00:00 AM,4,0,4
03/12/2014 05:00:00 AM,19,5,14
03/12/2014 06:00:00 AM,62,12,50
03/12/2014 07:00:00 AM,108,17,91
03/12/2014 08:00:00 AM,120,11,109
03/12/2014 09:00:00 AM,55,6,49
03/12/2014 10:00:00 AM,30,6,24
03/12/2014 11:00:00 AM,19,11,8
03/12/2014 12:00:00 PM,21,8,13
03/12/2014 01:00:00 PM,39,25,14
03/12/2014 02:00:00 PM,47,29,18
03/12/2014 03:00:00 PM,54,38,16
03/12/2014 04:00:00 PM,95,63,32
03/12/2014 05:00:00 PM,141,116,25
03/12/2014 06:00:00 PM,134,108,26
03/12/2014 07:00:00 PM,40,35,5
03/12/2014 08:00:00 PM,22,14,8
03/12/2014 09:00:00 PM,9,4,5
03/12/2014 10:00:00 PM,10,10,0
03/12/2014 11:00:00 PM,7,2,5
03/13/2014 12:00:00 AM,0,0,0
03/13/2014 01:00:00 AM,1,1,0
03/13/2014 02:00:00 AM,1,1,0
03/13/2014 03:00:00 AM,3,2,1
03/13/2014 04:00:00 AM,5,0,5
03/13/2014 05:00:00 AM,21,4,17
03/13/2014 06:00:00 AM,61,7,54
03/13/2014 07:00:00 AM,114,12,102
03/13/2014 08:00:00 AM,83,9,74
03/13/2014 09:00:00 AM,50,9,41
03/13/2014 10:00:00 AM,21,2,19
03/13/2014 11:00:00 AM,17,5,12
03/13/2014 12:00:00 PM,26,15,11
03/13/2014 01:00:00 PM,25,12,13
03/13/2014 02:00:00 PM,30,16,14
03/13/2014 03:00:00 PM,47,31,16
03/13/2014 04:00:00 PM,68,51,17
03/13/2014 05:00:00 PM,127,105,22
03/13/2014 06:00:00 PM,95,75,20
03/13/2014 07:00:00 PM,104,93,11
03/13/2014 08:00:00 PM,24,11,13
03/13/2014 09:00:00 PM,15,6,9
03/13/2014 10:00:00 PM,13,7,6
03/13/2014 11:00:00 PM,10,4,6
03/14/2014 12:00:00 AM,15,4,11
03/14/2014 01:00:00 AM,9,1,8
03/14/2014 02:00:00 AM,0,0,0
03/14/2014 03:00:00 AM,1,0,1
03/14/2014 04:00:00 AM,4,0,4
03/14/2014 05:00:00 AM,12,1,11
03/14/2014 06:00:00 AM,30,5,25
03/14/2014 07:00:00 AM,53,9,44
03/14/2014 08:00:00 AM,64,5,59
03/14/2014 09:00:00 AM,18,1,17
03/14/2014 10:00:00 AM,13,1,12
03/14/2014 11:00:00 AM,10,4,6
03/14/2014 12:00:00 PM,18,9,9
03/14/2014 01:00:00 PM,15,6,9
03/14/2014 02:00:00 PM,20,12,8
03/14/2014 03:00:00 PM,24,20,4
03/14/2014 04:00:00 PM,53,37,16
03/14/2014 05:00:00 PM,52,45,7
03/14/2014 06:00:00 PM,53,44,9
03/14/2014 07:00:00 PM,15,9,6
03/14/2014 08:00:00 PM,11,8,3
03/14/2014 09:00:00 PM,3,3,0
03/14/2014 10:00:00 PM,4,2,2
03/14/2014 11:00:00 PM,5,2,3
03/15/2014 12:00:00 AM,1,1,0
03/15/2014 01:00:00 AM,5,3,2
03/15/2014 02:00:00 AM,3,3,0
03/15/2014 03:00:00 AM,4,2,2
03/15/2014 04:00:00 AM,0,0,0
03/15/2014 05:00:00 AM,2,0,2
03/15/2014 06:00:00 AM,2,0,2
03/15/2014 07:00:00 AM,1,1,0
03/15/2014 08:00:00 AM,26,13,13
03/15/2014 09:00:00 AM,16,6,10
03/15/2014 10:00:00 AM,19,8,11
03/15/2014 11:00:00 AM,24,19,5
03/15/2014 12:00:00 PM,35,12,23
03/15/2014 01:00:00 PM,35,15,20
03/15/2014 02:00:00 PM,28,10,18
03/15/2014 03:00:00 PM,29,15,14
03/15/2014 04:00:00 PM,20,14,6
03/15/2014 05:00:00 PM,19,12,7
03/15/2014 06:00:00 PM,11,7,4
03/15/2014 07:00:00 PM,1,1,0
03/15/2014 08:00:00 PM,5,3,2
03/15/2014 09:00:00 PM,4,1,3
03/15/2014 10:00:00 PM,0,0,0
03/15/2014 11:00:00 PM,2,1,1
03/16/2014 12:00:00 AM,2,1,1
03/16/2014 01:00:00 AM,1,1,0
03/16/2014 02:00:00 AM,1,1,0
03/16/2014 03:00:00 AM,0,0,0
03/16/2014 04:00:00 AM,0,0,0
03/16/2014 05:00:00 AM,3,2,1
03/16/2014 06:00:00 AM,3,1,2
03/16/2014 07:00:00 AM,4,2,2
03/16/2014 08:00:00 AM,1,0,1
03/16/2014 09:00:00 AM,3,0,3
03/16/2014 10:00:00 AM,9,0,9
03/16/2014 11:00:00 AM,3,3,0
03/16/2014 12:00:00 PM,9,3,6
03/16/2014 01:00:00 PM,5,1,4
03/16/2014 02:00:00 PM,6,4,2
03/16/2014 03:00:00 PM,8,4,4
03/16/2014 04:00:00 PM,5,5,0
03/16/2014 05:00:00 PM,3,3,0
03/16/2014 06:00:00 PM,2,0,2
03/16/2014 07:00:00 PM,4,2,2
03/16/2014 08:00:00 PM,1,1,0
03/16/2014 09:00:00 PM,0,0,0
03/16/2014 10:00:00 PM,0,0,0
03/16/2014 11:00:00 PM,2,2,0
03/17/2014 12:00:00 AM,1,0,1
03/17/2014 01:00:00 AM,0,0,0
03/17/2014 02:00:00 AM,0,0,0
03/17/2014 03:00:00 AM,1,0,1
03/17/2014 04:00:00 AM,2,1,1
03/17/2014 05:00:00 AM,15,3,12
03/17/2014 06:00:00 AM,54,7,47
03/17/2014 07:00:00 AM,86,12,74
03/17/2014 08:00:00 AM,86,8,78
03/17/2014 09:00:00 AM,48,8,40
03/17/2014 10:00:00 AM,18,6,12
03/17/2014 11:00:00 AM,15,7,8
03/17/2014 12:00:00 PM,11,4,7
03/17/2014 01:00:00 PM,21,9,12
03/17/2014 02:00:00 PM,26,15,11
03/17/2014 03:00:00 PM,54,40,14
03/17/2014 04:00:00 PM,81,53,28
03/17/2014 05:00:00 PM,116,100,16
03/17/2014 06:00:00 PM,89,74,15
03/17/2014 07:00:00 PM,26,19,7
03/17/2014 08:00:00 PM,14,11,3
03/17/2014 09:00:00 PM,11,8,3
03/17/2014 10:00:00 PM,3,3,0
03/17/2014 11:00:00 PM,3,2,1
03/18/2014 12:00:00 AM,1,1,0
03/18/2014 01:00:00 AM,0,0,0
03/18/2014 02:00:00 AM,0,0,0
03/18/2014 03:00:00 AM,2,1,1
03/18/2014 04:00:00 AM,0,0,0
03/18/2014 05:00:00 AM,22,5,17
03/18/2014 06:00:00 AM,63,14,49
03/18/2014 07:00:00 AM,93,11,82
03/18/2014 08:00:00 AM,102,20,82
03/18/2014 09:00:00 AM,47,8,39
03/18/2014 10:00:00 AM,20,3,17
03/18/2014 11:00:00 AM,24,11,13
03/18/2014 12:00:00 PM,21,3,18
03/18/2014 01:00:00 PM,17,8,9
03/18/2014 02:00:00 PM,24,16,8
03/18/2014 03:00:00 PM,42,28,14
03/18/2014 04:00:00 PM,59,44,15
03/18/2014 05:00:00 PM,115,99,16
03/18/2014 06:00:00 PM,72,62,10
03/18/2014 07:00:00 PM,28,25,3
03/18/2014 08:00:00 PM,14,13,1
03/18/2014 09:00:00 PM,5,5,0
03/18/2014 10:00:00 PM,5,4,1
03/18/2014 11:00:00 PM,4,4,0
03/19/2014 12:00:00 AM,5,3,2
03/19/2014 01:00:00 AM,0,0,0
03/19/2014 02:00:00 AM,3,2,1
03/19/2014 03:00:00 AM,3,3,0
03/19/2014 04:00:00 AM,5,1,4
03/19/2014 05:00:00 AM,15,4,11
03/19/2014 06:00:00 AM,47,6,41
03/19/2014 07:00:00 AM,72,11,61
03/19/2014 08:00:00 AM,83,7,76
03/19/2014 09:00:00 AM,33,3,30
03/19/2014 10:00:00 AM,13,4,9
03/19/2014 11:00:00 AM,13,3,10
03/19/2014 12:00:00 PM,10,2,8
03/19/2014 01:00:00 PM,19,6,13
03/19/2014 02:00:00 PM,17,10,7
03/19/2014 03:00:00 PM,39,29,10
03/19/2014 04:00:00 PM,62,50,12
03/19/2014 05:00:00 PM,75,59,16
03/19/2014 06:00:00 PM,64,54,10
03/19/2014 07:00:00 PM,23,21,2
03/19/2014 08:00:00 PM,12,10,2
03/19/2014 09:00:00 PM,13,11,2
03/19/2014 10:00:00 PM,4,2,2
03/19/2014 11:00:00 PM,5,2,3
03/20/2014 12:00:00 AM,3,3,0
03/20/2014 01:00:00 AM,1,1,0
03/20/2014 02:00:00 AM,2,1,1
03/20/2014 03:00:00 AM,2,0,2
03/20/2014 04:00:00 AM,3,1,2
03/20/2014 05:00:00 AM,18,2,16
03/20/2014 06:00:00 AM,59,10,49
03/20/2014 07:00:00 AM,74,8,66
03/20/2014 08:00:00 AM,92,8,84
03/20/2014 09:00:00 AM,39,4,35
03/20/2014 10:00:00 AM,14,4,10
03/20/2014 11:00:00 AM,19,7,12
03/20/2014 12:00:00 PM,24,10,14
03/20/2014 01:00:00 PM,19,9,10
03/20/2014 02:00:00 PM,25,18,7
03/20/2014 03:00:00 PM,47,32,15
03/20/2014 04:00:00 PM,64,43,21
03/20/2014 05:00:00 PM,105,92,13
03/20/2014 06:00:00 PM,62,45,17
03/20/2014 07:00:00 PM,35,29,6
03/20/2014 08:00:00 PM,19,16,3
03/20/2014 09:00:00 PM,9,4,5
03/20/2014 10:00:00 PM,5,4,1
03/20/2014 11:00:00 PM,5,5,0
03/21/2014 12:00:00 AM,0,0,0
03/21/2014 01:00:00 AM,0,0,0
03/21/2014 02:00:00 AM,2,2,0
03/21/2014 03:00:00 AM,4,3,1
03/21/2014 04:00:00 AM,4,0,4
03/21/2014 05:00:00 AM,11,1,10
03/21/2014 06:00:00 AM,42,10,32
03/21/2014 07:00:00 AM,81,8,73
03/21/2014 08:00:00 AM,86,14,72
03/21/2014 09:00:00 AM,51,8,43
03/21/2014 10:00:00 AM,28,9,19
03/21/2014 11:00:00 AM,24,10,14
03/21/2014 12:00:00 PM,26,13,13
03/21/2014 01:00:00 PM,34,18,16
03/21/2014 02:00:00 PM,41,27,14
03/21/2014 03:00:00 PM,45,31,14
03/21/2014 04:00:00 PM,75,56,19
03/21/2014 05:00:00 PM,94,69,25
03/21/2014 06:00:00 PM,76,63,13
03/21/2014 07:00:00 PM,22,14,8
03/21/2014 08:00:00 PM,10,7,3
03/21/2014 09:00:00 PM,3,1,2
03/21/2014 10:00:00 PM,0,0,0
03/21/2014 11:00:00 PM,5,1,4
03/22/2014 12:00:00 AM,3,1,2
03/22/2014 01:00:00 AM,3,2,1
03/22/2014 02:00:00 AM,1,1,0
03/22/2014 03:00:00 AM,1,0,1
03/22/2014 04:00:00 AM,0,0,0
03/22/2014 05:00:00 AM,2,0,2
03/22/2014 06:00:00 AM,3,0,3
03/22/2014 07:00:00 AM,11,1,10
03/22/2014 08:00:00 AM,23,7,16
03/22/2014 09:00:00 AM,35,14,21
03/22/2014 10:00:00 AM,70,37,33
03/22/2014 11:00:00 AM,59,32,27
03/22/2014 12:00:00 PM,52,27,25
03/22/2014 01:00:00 PM,46,24,22
03/22/2014 02:00:00 PM,53,19,34
03/22/2014 03:00:00 PM,50,31,19
03/22/2014 04:00:00 PM,44,21,23
03/22/2014 05:00:00 PM,42,16,26
03/22/2014 06:00:00 PM,19,13,6
03/22/2014 07:00:00 PM,10,8,2
03/22/2014 08:00:00 PM,6,4,2
03/22/2014 09:00:00 PM,3,1,2
03/22/2014 10:00:00 PM,11,8,3
03/22/2014 11:00:00 PM,5,3,2
03/23/2014 12:00:00 AM,4,4,0
03/23/2014 01:00:00 AM,0,0,0
03/23/2014 02:00:00 AM,1,1,0
03/23/2014 03:00:00 AM,1,0,1
03/23/2014 04:00:00 AM,0,0,0
03/23/2014 05:00:00 AM,2,1,1
03/23/2014 06:00:00 AM,4,1,3
03/23/2014 07:00:00 AM,7,2,5
03/23/2014 08:00:00 AM,16,3,13
03/23/2014 09:00:00 AM,44,25,19
03/23/2014 10:00:00 AM,45,25,20
03/23/2014 11:00:00 AM,64,32,32
03/23/2014 12:00:00 PM,58,37,21
03/23/2014 01:00:00 PM,71,30,41
03/23/2014 02:00:00 PM,81,35,46
03/23/2014 03:00:00 PM,79,42,37
03/23/2014 04:00:00 PM,68,37,31
03/23/2014 05:00:00 PM,55,16,39
03/23/2014 06:00:00 PM,19,10,9
03/23/2014 07:00:00 PM,16,10,6
03/23/2014 08:00:00 PM,11,8,3
03/23/2014 09:00:00 PM,6,5,1
03/23/2014 10:00:00 PM,3,0,3
03/23/2014 11:00:00 PM,1,1,0
03/24/2014 12:00:00 AM,2,2,0
03/24/2014 01:00:00 AM,1,0,1
03/24/2014 02:00:00 AM,0,0,0
03/24/2014 03:00:00 AM,1,0,1
03/24/2014 04:00:00 AM,5,0,5
03/24/2014 05:00:00 AM,22,4,18
03/24/2014 06:00:00 AM,66,12,54
03/24/2014 07:00:00 AM,111,10,101
03/24/2014 08:00:00 AM,105,10,95
03/24/2014 09:00:00 AM,54,5,49
03/24/2014 10:00:00 AM,26,13,13
03/24/2014 11:00:00 AM,17,8,9
03/24/2014 12:00:00 PM,20,8,12
03/24/2014 01:00:00 PM,42,19,23
03/24/2014 02:00:00 PM,40,24,16
03/24/2014 03:00:00 PM,83,56,27
03/24/2014 04:00:00 PM,117,92,25
03/24/2014 05:00:00 PM,164,129,35
03/24/2014 06:00:00 PM,102,78,24
03/24/2014 07:00:00 PM,49,33,16
03/24/2014 08:00:00 PM,21,12,9
03/24/2014 09:00:00 PM,11,8,3
03/24/2014 10:00:00 PM,8,6,2
03/24/2014 11:00:00 PM,6,4,2
03/25/2014 12:00:00 AM,5,4,1
03/25/2014 01:00:00 AM,0,0,0
03/25/2014 02:00:00 AM,1,1,0
03/25/2014 03:00:00 AM,1,1,0
03/25/2014 04:00:00 AM,4,1,3
03/25/2014 05:00:00 AM,24,6,18
03/25/2014 06:00:00 AM,54,11,43
03/25/2014 07:00:00 AM,91,21,70
03/25/2014 08:00:00 AM,71,10,61
03/25/2014 09:00:00 AM,34,3,31
03/25/2014 10:00:00 AM,6,2,4
03/25/2014 11:00:00 AM,6,3,3
03/25/2014 12:00:00 PM,13,8,5
03/25/2014 01:00:00 PM,8,3,5
03/25/2014 02:00:00 PM,13,8,5
03/25/2014 03:00:00 PM,29,18,11
03/25/2014 04:00:00 PM,47,40,7
03/25/2014 05:00:00 PM,65,61,4
03/25/2014 06:00:00 PM,55,47,8
03/25/2014 07:00:00 PM,19,17,2
03/25/2014 08:00:00 PM,12,9,3
03/25/2014 09:00:00 PM,7,5,2
03/25/2014 10:00:00 PM,2,1,1
03/25/2014 11:00:00 PM,0,0,0
03/26/2014 12:00:00 AM,1,0,1
03/26/2014 01:00:00 AM,0,0,0
03/26/2014 02:00:00 AM,2,1,1
03/26/2014 03:00:00 AM,3,1,2
03/26/2014 04:00:00 AM,3,1,2
03/26/2014 05:00:00 AM,18,4,14
03/26/2014 06:00:00 AM,44,6,38
03/26/2014 07:00:00 AM,72,15,57
03/26/2014 08:00:00 AM,79,5,74
03/26/2014 09:00:00 AM,31,5,26
03/26/2014 10:00:00 AM,13,3,10
03/26/2014 11:00:00 AM,13,4,9
03/26/2014 12:00:00 PM,9,4,5
03/26/2014 01:00:00 PM,18,6,12
03/26/2014 02:00:00 PM,11,8,3
03/26/2014 03:00:00 PM,32,27,5
03/26/2014 04:00:00 PM,49,34,15
03/26/2014 05:00:00 PM,87,78,9
03/26/2014 06:00:00 PM,52,44,8
03/26/2014 07:00:00 PM,16,15,1
03/26/2014 08:00:00 PM,13,9,4
03/26/2014 09:00:00 PM,6,6,0
03/26/2014 10:00:00 PM,4,4,0
03/26/2014 11:00:00 PM,4,3,1
03/27/2014 12:00:00 AM,2,1,1
03/27/2014 01:00:00 AM,3,0,3
03/27/2014 02:00:00 AM,1,0,1
03/27/2014 03:00:00 AM,2,0,2
03/27/2014 04:00:00 AM,2,1,1
03/27/2014 05:00:00 AM,16,2,14
03/27/2014 06:00:00 AM,51,9,42
03/27/2014 07:00:00 AM,76,10,66
03/27/2014 08:00:00 AM,68,4,64
03/27/2014 09:00:00 AM,33,8,25
03/27/2014 10:00:00 AM,10,2,8
03/27/2014 11:00:00 AM,7,2,5
03/27/2014 12:00:00 PM,21,10,11
03/27/2014 01:00:00 PM,13,6,7
03/27/2014 02:00:00 PM,24,12,12
03/27/2014 03:00:00 PM,39,25,14
03/27/2014 04:00:00 PM,57,46,11
03/27/2014 05:00:00 PM,92,70,22
03/27/2014 06:00:00 PM,77,64,13
03/27/2014 07:00:00 PM,24,17,7
03/27/2014 08:00:00 PM,12,8,4
03/27/2014 09:00:00 PM,12,8,4
03/27/2014 10:00:00 PM,5,2,3
03/27/2014 11:00:00 PM,4,3,1
03/28/2014 12:00:00 AM,2,1,1
03/28/2014 01:00:00 AM,1,1,0
03/28/2014 02:00:00 AM,2,1,1
03/28/2014 03:00:00 AM,2,1,1
03/28/2014 04:00:00 AM,3,0,3
03/28/2014 05:00:00 AM,15,2,13
03/28/2014 06:00:00 AM,25,5,20
03/28/2014 07:00:00 AM,43,4,39
03/28/2014 08:00:00 AM,47,3,44
03/28/2014 09:00:00 AM,18,5,13
03/28/2014 10:00:00 AM,10,2,8
03/28/2014 11:00:00 AM,8,3,5
03/28/2014 12:00:00 PM,6,2,4
03/28/2014 01:00:00 PM,6,4,2
03/28/2014 02:00:00 PM,16,12,4
03/28/2014 03:00:00 PM,14,8,6
03/28/2014 04:00:00 PM,39,34,5
03/28/2014 05:00:00 PM,46,41,5
03/28/2014 06:00:00 PM,30,25,5
03/28/2014 07:00:00 PM,16,15,1
03/28/2014 08:00:00 PM,7,5,2
03/28/2014 09:00:00 PM,3,2,1
03/28/2014 10:00:00 PM,2,1,1
03/28/2014 11:00:00 PM,4,3,1
03/29/2014 12:00:00 AM,0,0,0
03/29/2014 01:00:00 AM,2,2,0
03/29/2014 02:00:00 AM,1,0,1
03/29/2014 03:00:00 AM,1,1,0
03/29/2014 04:00:00 AM,1,0,1
03/29/2014 05:00:00 AM,3,0,3
03/29/2014 06:00:00 AM,1,0,1
03/29/2014 07:00:00 AM,5,1,4
03/29/2014 08:00:00 AM,7,3,4
03/29/2014 09:00:00 AM,7,2,5
03/29/2014 10:00:00 AM,6,0,6
03/29/2014 11:00:00 AM,6,3,3
03/29/2014 12:00:00 PM,8,4,4
03/29/2014 01:00:00 PM,13,11,2
03/29/2014 02:00:00 PM,13,6,7
03/29/2014 03:00:00 PM,12,5,7
03/29/2014 04:00:00 PM,4,1,3
03/29/2014 05:00:00 PM,8,4,4
03/29/2014 06:00:00 PM,8,4,4
03/29/2014 07:00:00 PM,5,1,4
03/29/2014 08:00:00 PM,3,3,0
03/29/2014 09:00:00 PM,1,0,1
03/29/2014 10:00:00 PM,2,0,2
03/29/2014 11:00:00 PM,0,0,0
03/30/2014 12:00:00 AM,0,0,0
03/30/2014 01:00:00 AM,3,3,0
03/30/2014 02:00:00 AM,0,0,0
03/30/2014 03:00:00 AM,0,0,0
03/30/2014 04:00:00 AM,2,1,1
03/30/2014 05:00:00 AM,0,0,0
03/30/2014 06:00:00 AM,9,2,7
03/30/2014 07:00:00 AM,6,1,5
03/30/2014 08:00:00 AM,7,4,3
03/30/2014 09:00:00 AM,22,10,12
03/30/2014 10:00:00 AM,14,3,11
03/30/2014 11:00:00 AM,30,16,14
03/30/2014 12:00:00 PM,32,11,21
03/30/2014 01:00:00 PM,33,20,13
03/30/2014 02:00:00 PM,39,28,11
03/30/2014 03:00:00 PM,37,14,23
03/30/2014 04:00:00 PM,32,15,17
03/30/2014 05:00:00 PM,20,14,6
03/30/2014 06:00:00 PM,13,4,9
03/30/2014 07:00:00 PM,10,3,7
03/30/2014 08:00:00 PM,5,3,2
03/30/2014 09:00:00 PM,1,0,1
03/30/2014 10:00:00 PM,3,1,2
03/30/2014 11:00:00 PM,6,2,4
03/31/2014 12:00:00 AM,1,1,0
03/31/2014 01:00:00 AM,0,0,0
03/31/2014 02:00:00 AM,2,0,2
03/31/2014 03:00:00 AM,2,0,2
03/31/2014 04:00:00 AM,5,2,3
03/31/2014 05:00:00 AM,20,1,19
03/31/2014 06:00:00 AM,67,14,53
03/31/2014 07:00:00 AM,101,12,89
03/31/2014 08:00:00 AM,112,8,104
03/31/2014 09:00:00 AM,58,10,48
03/31/2014 10:00:00 AM,26,4,22
03/31/2014 11:00:00 AM,24,8,16
03/31/2014 12:00:00 PM,24,8,16
03/31/2014 01:00:00 PM,29,16,13
03/31/2014 02:00:00 PM,31,17,14
03/31/2014 03:00:00 PM,60,37,23
03/31/2014 04:00:00 PM,87,61,26
03/31/2014 05:00:00 PM,158,134,24
03/31/2014 06:00:00 PM,120,95,25
03/31/2014 07:00:00 PM,47,33,14
03/31/2014 08:00:00 PM,15,12,3
03/31/2014 09:00:00 PM,9,8,1
03/31/2014 10:00:00 PM,10,6,4
03/31/2014 11:00:00 PM,2,2,0
04/01/2014 12:00:00 AM,3,3,0
04/01/2014 01:00:00 AM,0,0,0
04/01/2014 02:00:00 AM,0,0,0
04/01/2014 03:00:00 AM,0,0,0
04/01/2014 04:00:00 AM,3,0,3
04/01/2014 05:00:00 AM,28,6,22
04/01/2014 06:00:00 AM,66,10,56
04/01/2014 07:00:00 AM,123,20,103
04/01/2014 08:00:00 AM,122,14,108
04/01/2014 09:00:00 AM,53,10,43
04/01/2014 10:00:00 AM,28,5,23
04/01/2014 11:00:00 AM,17,9,8
04/01/2014 12:00:00 PM,24,9,15
04/01/2014 01:00:00 PM,24,8,16
04/01/2014 02:00:00 PM,35,23,12
04/01/2014 03:00:00 PM,52,33,19
04/01/2014 04:00:00 PM,98,74,24
04/01/2014 05:00:00 PM,155,129,26
04/01/2014 06:00:00 PM,113,90,23
04/01/2014 07:00:00 PM,44,35,9
04/01/2014 08:00:00 PM,26,14,12
04/01/2014 09:00:00 PM,12,10,2
04/01/2014 10:00:00 PM,9,6,3
04/01/2014 11:00:00 PM,5,5,0
04/02/2014 12:00:00 AM,2,2,0
04/02/2014 01:00:00 AM,2,1,1
04/02/2014 02:00:00 AM,1,0,1
04/02/2014 03:00:00 AM,2,1,1
04/02/2014 04:00:00 AM,4,0,4
04/02/2014 05:00:00 AM,22,4,18
04/02/2014 06:00:00 AM,66,14,52
04/02/2014 07:00:00 AM,101,17,84
04/02/2014 08:00:00 AM,113,10,103
04/02/2014 09:00:00 AM,39,1,38
04/02/2014 10:00:00 AM,25,6,19
04/02/2014 11:00:00 AM,14,6,8
04/02/2014 12:00:00 PM,24,11,13
04/02/2014 01:00:00 PM,29,14,15
04/02/2014 02:00:00 PM,34,16,18
04/02/2014 03:00:00 PM,51,29,22
04/02/2014 04:00:00 PM,82,57,25
04/02/2014 05:00:00 PM,146,126,20
04/02/2014 06:00:00 PM,97,76,21
04/02/2014 07:00:00 PM,42,31,11
04/02/2014 08:00:00 PM,26,17,9
04/02/2014 09:00:00 PM,16,15,1
04/02/2014 10:00:00 PM,5,5,0
04/02/2014 11:00:00 PM,4,3,1
04/03/2014 12:00:00 AM,3,2,1
04/03/2014 01:00:00 AM,3,3,0
04/03/2014 02:00:00 AM,2,1,1
04/03/2014 03:00:00 AM,4,2,2
04/03/2014 04:00:00 AM,6,2,4
04/03/2014 05:00:00 AM,24,3,21
04/03/2014 06:00:00 AM,52,12,40
04/03/2014 07:00:00 AM,88,10,78
04/03/2014 08:00:00 AM,100,15,85
04/03/2014 09:00:00 AM,37,7,30
04/03/2014 10:00:00 AM,14,1,13
04/03/2014 11:00:00 AM,10,4,6
04/03/2014 12:00:00 PM,14,8,6
04/03/2014 01:00:00 PM,25,10,15
04/03/2014 02:00:00 PM,30,13,17
04/03/2014 03:00:00 PM,22,16,6
04/03/2014 04:00:00 PM,54,39,15
04/03/2014 05:00:00 PM,86,74,12
04/03/2014 06:00:00 PM,57,50,7
04/03/2014 07:00:00 PM,20,17,3
04/03/2014 08:00:00 PM,9,6,3
04/03/2014 09:00:00 PM,6,4,2
04/03/2014 10:00:00 PM,6,4,2
04/03/2014 11:00:00 PM,3,3,0
04/04/2014 12:00:00 AM,2,2,0
04/04/2014 01:00:00 AM,0,0,0
04/04/2014 02:00:00 AM,0,0,0
04/04/2014 03:00:00 AM,2,0,2
04/04/2014 04:00:00 AM,3,0,3
04/04/2014 05:00:00 AM,15,2,13
04/04/2014 06:00:00 AM,39,7,32
04/04/2014 07:00:00 AM,78,10,68
04/04/2014 08:00:00 AM,74,5,69
04/04/2014 09:00:00 AM,35,4,31
04/04/2014 10:00:00 AM,15,5,10
04/04/2014 11:00:00 AM,12,5,7
04/04/2014 12:00:00 PM,18,5,13
04/04/2014 01:00:00 PM,13,8,5
04/04/2014 02:00:00 PM,27,21,6
04/04/2014 03:00:00 PM,39,21,18
04/04/2014 04:00:00 PM,75,53,22
04/04/2014 05:00:00 PM,93,77,16
04/04/2014 06:00:00 PM,68,57,11
04/04/2014 07:00:00 PM,22,15,7
04/04/2014 08:00:00 PM,17,14,3
04/04/2014 09:00:00 PM,3,3,0
04/04/2014 10:00:00 PM,7,5,2
04/04/2014 11:00:00 PM,5,3,2
04/05/2014 12:00:00 AM,3,2,1
04/05/2014 01:00:00 AM,2,1,1
04/05/2014 02:00:00 AM,3,3,0
04/05/2014 03:00:00 AM,1,1,0
04/05/2014 04:00:00 AM,2,1,1
04/05/2014 05:00:00 AM,4,1,3
04/05/2014 06:00:00 AM,4,2,2
04/05/2014 07:00:00 AM,4,1,3
04/05/2014 08:00:00 AM,22,10,12
04/05/2014 09:00:00 AM,26,8,18
04/05/2014 10:00:00 AM,16,3,13
04/05/2014 11:00:00 AM,38,24,14
04/05/2014 12:00:00 PM,27,17,10
04/05/2014 01:00:00 PM,27,17,10
04/05/2014 02:00:00 PM,29,10,19
04/05/2014 03:00:00 PM,9,5,4
04/05/2014 04:00:00 PM,16,6,10
04/05/2014 05:00:00 PM,12,7,5
04/05/2014 06:00:00 PM,7,6,1
04/05/2014 07:00:00 PM,7,5,2
04/05/2014 08:00:00 PM,5,2,3
04/05/2014 09:00:00 PM,5,4,1
04/05/2014 10:00:00 PM,3,1,2
04/05/2014 11:00:00 PM,3,0,3
04/06/2014 12:00:00 AM,3,3,0
04/06/2014 01:00:00 AM,2,1,1
04/06/2014 02:00:00 AM,3,3,0
04/06/2014 03:00:00 AM,2,0,2
04/06/2014 04:00:00 AM,0,0,0
04/06/2014 05:00:00 AM,3,2,1
04/06/2014 06:00:00 AM,3,1,2
04/06/2014 07:00:00 AM,9,3,6
04/06/2014 08:00:00 AM,16,9,7
04/06/2014 09:00:00 AM,33,13,20
04/06/2014 10:00:00 AM,26,9,17
04/06/2014 11:00:00 AM,50,27,23
04/06/2014 12:00:00 PM,62,34,28
04/06/2014 01:00:00 PM,52,19,33
04/06/2014 02:00:00 PM,41,18,23
04/06/2014 03:00:00 PM,47,24,23
04/06/2014 04:00:00 PM,51,21,30
04/06/2014 05:00:00 PM,21,18,3
04/06/2014 06:00:00 PM,26,15,11
04/06/2014 07:00:00 PM,9,6,3
04/06/2014 08:00:00 PM,4,4,0
04/06/2014 09:00:00 PM,3,0,3
04/06/2014 10:00:00 PM,4,2,2
04/06/2014 11:00:00 PM,0,0,0
04/07/2014 12:00:00 AM,2,2,0
04/07/2014 01:00:00 AM,1,0,1
04/07/2014 02:00:00 AM,1,0,1
04/07/2014 03:00:00 AM,1,0,1
04/07/2014 04:00:00 AM,4,1,3
04/07/2014 05:00:00 AM,17,2,15
04/07/2014 06:00:00 AM,74,14,60
04/07/2014 07:00:00 AM,139,21,118
04/07/2014 08:00:00 AM,126,16,110
04/07/2014 09:00:00 AM,73,11,62
04/07/2014 10:00:00 AM,24,6,18
04/07/2014 11:00:00 AM,39,18,21
04/07/2014 12:00:00 PM,47,16,31
04/07/2014 01:00:00 PM,39,18,21
04/07/2014 02:00:00 PM,58,37,21
04/07/2014 03:00:00 PM,80,49,31
04/07/2014 04:00:00 PM,134,94,40
04/07/2014 05:00:00 PM,204,159,45
04/07/2014 06:00:00 PM,142,113,29
04/07/2014 07:00:00 PM,49,35,14
04/07/2014 08:00:00 PM,20,15,5
04/07/2014 09:00:00 PM,20,10,10
04/07/2014 10:00:00 PM,12,10,2
04/07/2014 11:00:00 PM,2,2,0
04/08/2014 12:00:00 AM,4,3,1
04/08/2014 01:00:00 AM,2,2,0
04/08/2014 02:00:00 AM,3,2,1
04/08/2014 03:00:00 AM,0,0,0
04/08/2014 04:00:00 AM,3,1,2
04/08/2014 05:00:00 AM,20,6,14
04/08/2014 06:00:00 AM,48,12,36
04/08/2014 07:00:00 AM,109,12,97
04/08/2014 08:00:00 AM,102,9,93
04/08/2014 09:00:00 AM,39,7,32
04/08/2014 10:00:00 AM,17,1,16
04/08/2014 11:00:00 AM,15,6,9
04/08/2014 12:00:00 PM,13,8,5
04/08/2014 01:00:00 PM,16,9,7
04/08/2014 02:00:00 PM,20,13,7
04/08/2014 03:00:00 PM,39,27,12
04/08/2014 04:00:00 PM,53,38,15
04/08/2014 05:00:00 PM,87,70,17
04/08/2014 06:00:00 PM,65,58,7
04/08/2014 07:00:00 PM,27,24,3
04/08/2014 08:00:00 PM,12,10,2
04/08/2014 09:00:00 PM,11,10,1
04/08/2014 10:00:00 PM,5,4,1
04/08/2014 11:00:00 PM,4,4,0
04/09/2014 12:00:00 AM,2,2,0
04/09/2014 01:00:00 AM,1,1,0
04/09/2014 02:00:00 AM,1,1,0
04/09/2014 03:00:00 AM,0,0,0
04/09/2014 04:00:00 AM,4,0,4
04/09/2014 05:00:00 AM,17,3,14
04/09/2014 06:00:00 AM,69,18,51
04/09/2014 07:00:00 AM,102,22,80
04/09/2014 08:00:00 AM,112,13,99
04/09/2014 09:00:00 AM,48,7,41
04/09/2014 10:00:00 AM,27,13,14
04/09/2014 11:00:00 AM,25,5,20
04/09/2014 12:00:00 PM,26,10,16
04/09/2014 01:00:00 PM,27,11,16
04/09/2014 02:00:00 PM,33,20,13
04/09/2014 03:00:00 PM,52,31,21
04/09/2014 04:00:00 PM,88,66,22
04/09/2014 05:00:00 PM,138,120,18
04/09/2014 06:00:00 PM,104,83,21
04/09/2014 07:00:00 PM,36,31,5
04/09/2014 08:00:00 PM,25,20,5
04/09/2014 09:00:00 PM,13,10,3
04/09/2014 10:00:00 PM,8,7,1
04/09/2014 11:00:00 PM,4,3,1
04/10/2014 12:00:00 AM,6,4,2
04/10/2014 01:00:00 AM,0,0,0
04/10/2014 02:00:00 AM,2,1,1
04/10/2014 03:00:00 AM,2,0,2
04/10/2014 04:00:00 AM,3,0,3
04/10/2014 05:00:00 AM,21,4,17
04/10/2014 06:00:00 AM,67,13,54
04/10/2014 07:00:00 AM,137,21,116
04/10/2014 08:00:00 AM,107,7,100
04/10/2014 09:00:00 AM,53,6,47
04/10/2014 10:00:00 AM,25,6,19
04/10/2014 11:00:00 AM,18,7,11
04/10/2014 12:00:00 PM,31,19,12
04/10/2014 01:00:00 PM,50,21,29
04/10/2014 02:00:00 PM,31,21,10
04/10/2014 03:00:00 PM,45,28,17
04/10/2014 04:00:00 PM,92,64,28
04/10/2014 05:00:00 PM,163,138,25
04/10/2014 06:00:00 PM,107,87,20
04/10/2014 07:00:00 PM,56,45,11
04/10/2014 08:00:00 PM,25,9,16
04/10/2014 09:00:00 PM,9,5,4
04/10/2014 10:00:00 PM,5,2,3
04/10/2014 11:00:00 PM,13,11,2
04/11/2014 12:00:00 AM,1,0,1
04/11/2014 01:00:00 AM,1,1,0
04/11/2014 02:00:00 AM,3,1,2
04/11/2014 03:00:00 AM,4,2,2
04/11/2014 04:00:00 AM,6,1,5
04/11/2014 05:00:00 AM,28,4,24
04/11/2014 06:00:00 AM,63,12,51
04/11/2014 07:00:00 AM,90,14,76
04/11/2014 08:00:00 AM,115,12,103
04/11/2014 09:00:00 AM,43,10,33
04/11/2014 10:00:00 AM,23,5,18
04/11/2014 11:00:00 AM,19,12,7
04/11/2014 12:00:00 PM,25,12,13
04/11/2014 01:00:00 PM,30,19,11
04/11/2014 02:00:00 PM,37,16,21
04/11/2014 03:00:00 PM,46,34,12
04/11/2014 04:00:00 PM,100,68,32
04/11/2014 05:00:00 PM,141,106,35
04/11/2014 06:00:00 PM,94,73,21
04/11/2014 07:00:00 PM,40,35,5
04/11/2014 08:00:00 PM,15,10,5
04/11/2014 09:00:00 PM,1,0,1
04/11/2014 10:00:00 PM,7,6,1
04/11/2014 11:00:00 PM,6,3,3
04/12/2014 12:00:00 AM,1,1,0
04/12/2014 01:00:00 AM,3,3,0
04/12/2014 02:00:00 AM,4,4,0
04/12/2014 03:00:00 AM,0,0,0
04/12/2014 04:00:00 AM,0,0,0
04/12/2014 05:00:00 AM,1,0,1
04/12/2014 06:00:00 AM,8,5,3
04/12/2014 07:00:00 AM,9,2,7
04/12/2014 08:00:00 AM,22,6,16
04/12/2014 09:00:00 AM,48,19,29
04/12/2014 10:00:00 AM,22,10,12
04/12/2014 11:00:00 AM,57,26,31
04/12/2014 12:00:00 PM,58,32,26
04/12/2014 01:00:00 PM,70,42,28
04/12/2014 02:00:00 PM,57,29,28
04/12/2014 03:00:00 PM,61,29,32
04/12/2014 04:00:00 PM,58,31,27
04/12/2014 05:00:00 PM,54,29,25
04/12/2014 06:00:00 PM,41,22,19
04/12/2014 07:00:00 PM,24,11,13
04/12/2014 08:00:00 PM,10,6,4
04/12/2014 09:00:00 PM,10,4,6
04/12/2014 10:00:00 PM,6,5,1
04/12/2014 11:00:00 PM,7,3,4
04/13/2014 12:00:00 AM,4,1,3
04/13/2014 01:00:00 AM,1,1,0
04/13/2014 02:00:00 AM,7,2,5
04/13/2014 03:00:00 AM,1,1,0
04/13/2014 04:00:00 AM,0,0,0
04/13/2014 05:00:00 AM,0,0,0
04/13/2014 06:00:00 AM,8,3,5
04/13/2014 07:00:00 AM,10,2,8
04/13/2014 08:00:00 AM,15,5,10
04/13/2014 09:00:00 AM,61,24,37
04/13/2014 10:00:00 AM,69,23,46
04/13/2014 11:00:00 AM,94,59,35
04/13/2014 12:00:00 PM,110,62,48
04/13/2014 01:00:00 PM,90,50,40
04/13/2014 02:00:00 PM,107,58,49
04/13/2014 03:00:00 PM,103,49,54
04/13/2014 04:00:00 PM,72,38,34
04/13/2014 05:00:00 PM,53,25,28
04/13/2014 06:00:00 PM,42,18,24
04/13/2014 07:00:00 PM,27,17,10
04/13/2014 08:00:00 PM,9,5,4
04/13/2014 09:00:00 PM,8,4,4
04/13/2014 10:00:00 PM,3,1,2
04/13/2014 11:00:00 PM,4,2,2
04/14/2014 12:00:00 AM,2,2,0
04/14/2014 01:00:00 AM,1,0,1
04/14/2014 02:00:00 AM,1,1,0
04/14/2014 03:00:00 AM,2,2,0
04/14/2014 04:00:00 AM,4,0,4
04/14/2014 05:00:00 AM,19,4,15
04/14/2014 06:00:00 AM,75,18,57
04/14/2014 07:00:00 AM,121,17,104
04/14/2014 08:00:00 AM,108,9,99
04/14/2014 09:00:00 AM,59,7,52
04/14/2014 10:00:00 AM,33,12,21
04/14/2014 11:00:00 AM,29,13,16
04/14/2014 12:00:00 PM,31,17,14
04/14/2014 01:00:00 PM,33,13,20
04/14/2014 02:00:00 PM,48,29,19
04/14/2014 03:00:00 PM,57,39,18
04/14/2014 04:00:00 PM,82,61,21
04/14/2014 05:00:00 PM,162,133,29
04/14/2014 06:00:00 PM,101,88,13
04/14/2014 07:00:00 PM,56,37,19
04/14/2014 08:00:00 PM,23,14,9
04/14/2014 09:00:00 PM,10,6,4
04/14/2014 10:00:00 PM,4,3,1
04/14/2014 11:00:00 PM,2,0,2
04/15/2014 12:00:00 AM,0,0,0
04/15/2014 01:00:00 AM,1,0,1
04/15/2014 02:00:00 AM,0,0,0
04/15/2014 03:00:00 AM,5,2,3
04/15/2014 04:00:00 AM,4,1,3
04/15/2014 05:00:00 AM,21,5,16
04/15/2014 06:00:00 AM,57,8,49
04/15/2014 07:00:00 AM,97,26,71
04/15/2014 08:00:00 AM,105,13,92
04/15/2014 09:00:00 AM,38,3,35
04/15/2014 10:00:00 AM,16,2,14
04/15/2014 11:00:00 AM,26,10,16
04/15/2014 12:00:00 PM,15,7,8
04/15/2014 01:00:00 PM,16,6,10
04/15/2014 02:00:00 PM,24,16,8
04/15/2014 03:00:00 PM,49,34,15
04/15/2014 04:00:00 PM,73,51,22
04/15/2014 05:00:00 PM,115,100,15
04/15/2014 06:00:00 PM,79,63,16
04/15/2014 07:00:00 PM,29,24,5
04/15/2014 08:00:00 PM,16,9,7
04/15/2014 09:00:00 PM,11,7,4
04/15/2014 10:00:00 PM,10,7,3
04/15/2014 11:00:00 PM,4,4,0
04/16/2014 12:00:00 AM,2,2,0
04/16/2014 01:00:00 AM,2,2,0
04/16/2014 02:00:00 AM,2,0,2
04/16/2014 03:00:00 AM,0,0,0
04/16/2014 04:00:00 AM,3,0,3
04/16/2014 05:00:00 AM,15,7,8
04/16/2014 06:00:00 AM,31,8,23
04/16/2014 07:00:00 AM,64,8,56
04/16/2014 08:00:00 AM,72,4,68
04/16/2014 09:00:00 AM,24,5,19
04/16/2014 10:00:00 AM,12,1,11
04/16/2014 11:00:00 AM,10,0,10
04/16/2014 12:00:00 PM,6,2,4
04/16/2014 01:00:00 PM,9,7,2
04/16/2014 02:00:00 PM,12,9,3
04/16/2014 03:00:00 PM,28,20,8
04/16/2014 04:00:00 PM,41,30,11
04/16/2014 05:00:00 PM,62,51,11
04/16/2014 06:00:00 PM,44,39,5
04/16/2014 07:00:00 PM,20,19,1
04/16/2014 08:00:00 PM,9,7,2
04/16/2014 09:00:00 PM,6,3,3
04/16/2014 10:00:00 PM,5,3,2
04/16/2014 11:00:00 PM,5,4,1
04/17/2014 12:00:00 AM,1,1,0
04/17/2014 01:00:00 AM,0,0,0
04/17/2014 02:00:00 AM,3,1,2
04/17/2014 03:00:00 AM,0,0,0
04/17/2014 04:00:00 AM,3,0,3
04/17/2014 05:00:00 AM,14,4,10
04/17/2014 06:00:00 AM,41,9,32
04/17/2014 07:00:00 AM,69,8,61
04/17/2014 08:00:00 AM,62,7,55
04/17/2014 09:00:00 AM,25,4,21
04/17/2014 10:00:00 AM,7,1,6
04/17/2014 11:00:00 AM,8,4,4
04/17/2014 12:00:00 PM,7,5,2
04/17/2014 01:00:00 PM,9,6,3
04/17/2014 02:00:00 PM,9,7,2
04/17/2014 03:00:00 PM,20,15,5
04/17/2014 04:00:00 PM,36,26,10
04/17/2014 05:00:00 PM,75,63,12
04/17/2014 06:00:00 PM,48,39,9
04/17/2014 07:00:00 PM,13,11,2
04/17/2014 08:00:00 PM,5,2,3
04/17/2014 09:00:00 PM,5,2,3
04/17/2014 10:00:00 PM,4,2,2
04/17/2014 11:00:00 PM,2,1,1
04/18/2014 12:00:00 AM,0,0,0
04/18/2014 01:00:00 AM,0,0,0
04/18/2014 02:00:00 AM,1,1,0
04/18/2014 03:00:00 AM,1,1,0
04/18/2014 04:00:00 AM,4,1,3
04/18/2014 05:00:00 AM,17,1,16
04/18/2014 06:00:00 AM,47,12,35
04/18/2014 07:00:00 AM,79,8,71
04/18/2014 08:00:00 AM,76,6,70
04/18/2014 09:00:00 AM,48,11,37
04/18/2014 10:00:00 AM,29,6,23
04/18/2014 11:00:00 AM,36,16,20
04/18/2014 12:00:00 PM,29,23,6
04/18/2014 01:00:00 PM,23,11,12
04/18/2014 02:00:00 PM,34,14,20
04/18/2014 03:00:00 PM,48,28,20
04/18/2014 04:00:00 PM,79,54,25
04/18/2014 05:00:00 PM,111,86,25
04/18/2014 06:00:00 PM,73,55,18
04/18/2014 07:00:00 PM,43,34,9
04/18/2014 08:00:00 PM,16,10,6
04/18/2014 09:00:00 PM,6,3,3
04/18/2014 10:00:00 PM,6,4,2
04/18/2014 11:00:00 PM,1,0,1
04/19/2014 12:00:00 AM,6,5,1
04/19/2014 01:00:00 AM,0,0,0
04/19/2014 02:00:00 AM,1,1,0
04/19/2014 03:00:00 AM,4,1,3
04/19/2014 04:00:00 AM,0,0,0
04/19/2014 05:00:00 AM,4,0,4
04/19/2014 06:00:00 AM,7,3,4
04/19/2014 07:00:00 AM,20,5,15
04/19/2014 08:00:00 AM,29,13,16
04/19/2014 09:00:00 AM,30,15,15
04/19/2014 10:00:00 AM,71,51,20
04/19/2014 11:00:00 AM,24,11,13
04/19/2014 12:00:00 PM,12,8,4
04/19/2014 01:00:00 PM,6,2,4
04/19/2014 02:00:00 PM,7,5,2
04/19/2014 03:00:00 PM,3,2,1
04/19/2014 04:00:00 PM,3,0,3
04/19/2014 05:00:00 PM,9,6,3
04/19/2014 06:00:00 PM,6,5,1
04/19/2014 07:00:00 PM,6,5,1
04/19/2014 08:00:00 PM,3,3,0
04/19/2014 09:00:00 PM,1,0,1
04/19/2014 10:00:00 PM,3,2,1
04/19/2014 11:00:00 PM,3,3,0
04/20/2014 12:00:00 AM,2,0,2
04/20/2014 01:00:00 AM,0,0,0
04/20/2014 02:00:00 AM,0,0,0
04/20/2014 03:00:00 AM,0,0,0
04/20/2014 04:00:00 AM,1,0,1
04/20/2014 05:00:00 AM,0,0,0
04/20/2014 06:00:00 AM,4,2,2
04/20/2014 07:00:00 AM,5,3,2
04/20/2014 08:00:00 AM,16,8,8
04/20/2014 09:00:00 AM,46,24,22
04/20/2014 10:00:00 AM,31,14,17
04/20/2014 11:00:00 AM,68,33,35
04/20/2014 12:00:00 PM,59,26,33
04/20/2014 01:00:00 PM,65,35,30
04/20/2014 02:00:00 PM,42,28,14
04/20/2014 03:00:00 PM,64,30,34
04/20/2014 04:00:00 PM,42,29,13
04/20/2014 05:00:00 PM,46,20,26
04/20/2014 06:00:00 PM,20,7,13
04/20/2014 07:00:00 PM,13,7,6
04/20/2014 08:00:00 PM,3,0,3
04/20/2014 09:00:00 PM,6,2,4
04/20/2014 10:00:00 PM,6,3,3
04/20/2014 11:00:00 PM,3,2,1
04/21/2014 12:00:00 AM,0,0,0
04/21/2014 01:00:00 AM,1,1,0
04/21/2014 02:00:00 AM,1,0,1
04/21/2014 03:00:00 AM,0,0,0
04/21/2014 04:00:00 AM,1,0,1
04/21/2014 05:00:00 AM,25,4,21
04/21/2014 06:00:00 AM,70,12,58
04/21/2014 07:00:00 AM,133,26,107
04/21/2014 08:00:00 AM,95,13,82
04/21/2014 09:00:00 AM,54,12,42
04/21/2014 10:00:00 AM,24,10,14
04/21/2014 11:00:00 AM,15,4,11
04/21/2014 12:00:00 PM,12,6,6
04/21/2014 01:00:00 PM,23,10,13
04/21/2014 02:00:00 PM,25,15,10
04/21/2014 03:00:00 PM,51,32,19
04/21/2014 04:00:00 PM,85,57,28
04/21/2014 05:00:00 PM,146,123,23
04/21/2014 06:00:00 PM,84,76,8
04/21/2014 07:00:00 PM,29,23,6
04/21/2014 08:00:00 PM,14,12,2
04/21/2014 09:00:00 PM,12,12,0
04/21/2014 10:00:00 PM,6,4,2
04/21/2014 11:00:00 PM,1,1,0
04/22/2014 12:00:00 AM,0,0,0
04/22/2014 01:00:00 AM,1,1,0
04/22/2014 02:00:00 AM,0,0,0
04/22/2014 03:00:00 AM,1,0,1
04/22/2014 04:00:00 AM,1,0,1
04/22/2014 05:00:00 AM,13,4,9
04/22/2014 06:00:00 AM,45,5,40
04/22/2014 07:00:00 AM,87,14,73
04/22/2014 08:00:00 AM,58,4,54
04/22/2014 09:00:00 AM,38,5,33
04/22/2014 10:00:00 AM,16,2,14
04/22/2014 11:00:00 AM,17,9,8
04/22/2014 12:00:00 PM,19,6,13
04/22/2014 01:00:00 PM,13,6,7
04/22/2014 02:00:00 PM,17,13,4
04/22/2014 03:00:00 PM,36,23,13
04/22/2014 04:00:00 PM,60,45,15
04/22/2014 05:00:00 PM,95,74,21
04/22/2014 06:00:00 PM,64,52,12
04/22/2014 07:00:00 PM,30,21,9
04/22/2014 08:00:00 PM,8,5,3
04/22/2014 09:00:00 PM,4,1,3
04/22/2014 10:00:00 PM,2,2,0
04/22/2014 11:00:00 PM,3,3,0
04/23/2014 12:00:00 AM,2,2,0
04/23/2014 01:00:00 AM,2,0,2
04/23/2014 02:00:00 AM,2,2,0
04/23/2014 03:00:00 AM,1,1,0
04/23/2014 04:00:00 AM,2,1,1
04/23/2014 05:00:00 AM,15,2,13
04/23/2014 06:00:00 AM,60,9,51
04/23/2014 07:00:00 AM,97,18,79
04/23/2014 08:00:00 AM,99,10,89
04/23/2014 09:00:00 AM,35,8,27
04/23/2014 10:00:00 AM,16,3,13
04/23/2014 11:00:00 AM,14,3,11
04/23/2014 12:00:00 PM,16,6,10
04/23/2014 01:00:00 PM,18,10,8
04/23/2014 02:00:00 PM,24,16,8
04/23/2014 03:00:00 PM,30,19,11
04/23/2014 04:00:00 PM,77,57,20
04/23/2014 05:00:00 PM,117,96,21
04/23/2014 06:00:00 PM,58,48,10
04/23/2014 07:00:00 PM,26,24,2
04/23/2014 08:00:00 PM,16,13,3
04/23/2014 09:00:00 PM,11,10,1
04/23/2014 10:00:00 PM,5,5,0
04/23/2014 11:00:00 PM,2,1,1
04/24/2014 12:00:00 AM,2,2,0
04/24/2014 01:00:00 AM,0,0,0
04/24/2014 02:00:00 AM,0,0,0
04/24/2014 03:00:00 AM,1,1,0
04/24/2014 04:00:00 AM,1,0,1
04/24/2014 05:00:00 AM,11,2,9
04/24/2014 06:00:00 AM,53,9,44
04/24/2014 07:00:00 AM,79,17,62
04/24/2014 08:00:00 AM,92,13,79
04/24/2014 09:00:00 AM,24,4,20
04/24/2014 10:00:00 AM,14,1,13
04/24/2014 11:00:00 AM,14,5,9
04/24/2014 12:00:00 PM,15,12,3
04/24/2014 01:00:00 PM,10,2,8
04/24/2014 02:00:00 PM,17,10,7
04/24/2014 03:00:00 PM,27,19,8
04/24/2014 04:00:00 PM,63,44,19
04/24/2014 05:00:00 PM,95,77,18
04/24/2014 06:00:00 PM,83,64,19
04/24/2014 07:00:00 PM,22,16,6
04/24/2014 08:00:00 PM,16,12,4
04/24/2014 09:00:00 PM,5,4,1
04/24/2014 10:00:00 PM,7,3,4
04/24/2014 11:00:00 PM,7,4,3
04/25/2014 12:00:00 AM,3,2,1
04/25/2014 01:00:00 AM,3,2,1
04/25/2014 02:00:00 AM,0,0,0
04/25/2014 03:00:00 AM,0,0,0
04/25/2014 04:00:00 AM,5,2,3
04/25/2014 05:00:00 AM,22,3,19
04/25/2014 06:00:00 AM,60,9,51
04/25/2014 07:00:00 AM,108,18,90
04/25/2014 08:00:00 AM,104,10,94
04/25/2014 09:00:00 AM,41,8,33
04/25/2014 10:00:00 AM,25,4,21
04/25/2014 11:00:00 AM,41,27,14
04/25/2014 12:00:00 PM,25,10,15
04/25/2014 01:00:00 PM,37,12,25
04/25/2014 02:00:00 PM,48,28,20
04/25/2014 03:00:00 PM,56,36,20
04/25/2014 04:00:00 PM,85,71,14
04/25/2014 05:00:00 PM,135,109,26
04/25/2014 06:00:00 PM,81,69,12
04/25/2014 07:00:00 PM,43,29,14
04/25/2014 08:00:00 PM,20,13,7
04/25/2014 09:00:00 PM,6,4,2
04/25/2014 10:00:00 PM,8,6,2
04/25/2014 11:00:00 PM,6,5,1
04/26/2014 12:00:00 AM,1,1,0
04/26/2014 01:00:00 AM,0,0,0
04/26/2014 02:00:00 AM,2,1,1
04/26/2014 03:00:00 AM,2,2,0
04/26/2014 04:00:00 AM,0,0,0
04/26/2014 05:00:00 AM,6,0,6
04/26/2014 06:00:00 AM,6,3,3
04/26/2014 07:00:00 AM,21,2,19
04/26/2014 08:00:00 AM,36,9,27
04/26/2014 09:00:00 AM,35,15,20
04/26/2014 10:00:00 AM,60,30,30
04/26/2014 11:00:00 AM,67,30,37
04/26/2014 12:00:00 PM,79,38,41
04/26/2014 01:00:00 PM,67,41,26
04/26/2014 02:00:00 PM,72,35,37
04/26/2014 03:00:00 PM,43,25,18
04/26/2014 04:00:00 PM,47,31,16
04/26/2014 05:00:00 PM,42,14,28
04/26/2014 06:00:00 PM,20,9,11
04/26/2014 07:00:00 PM,12,8,4
04/26/2014 08:00:00 PM,11,9,2
04/26/2014 09:00:00 PM,5,4,1
04/26/2014 10:00:00 PM,5,4,1
04/26/2014 11:00:00 PM,4,1,3
04/27/2014 12:00:00 AM,1,1,0
04/27/2014 01:00:00 AM,0,0,0
04/27/2014 02:00:00 AM,2,1,1
04/27/2014 03:00:00 AM,2,1,1
04/27/2014 04:00:00 AM,1,1,0
04/27/2014 05:00:00 AM,0,0,0
04/27/2014 06:00:00 AM,6,1,5
04/27/2014 07:00:00 AM,7,2,5
04/27/2014 08:00:00 AM,13,2,11
04/27/2014 09:00:00 AM,27,14,13
04/27/2014 10:00:00 AM,25,8,17
04/27/2014 11:00:00 AM,30,19,11
04/27/2014 12:00:00 PM,18,7,11
04/27/2014 01:00:00 PM,34,23,11
04/27/2014 02:00:00 PM,25,8,17
04/27/2014 03:00:00 PM,19,7,12
04/27/2014 04:00:00 PM,19,11,8
04/27/2014 05:00:00 PM,23,16,7
04/27/2014 06:00:00 PM,11,5,6
04/27/2014 07:00:00 PM,13,7,6
04/27/2014 08:00:00 PM,3,0,3
04/27/2014 09:00:00 PM,4,1,3
04/27/2014 10:00:00 PM,3,1,2
04/27/2014 11:00:00 PM,4,4,0
04/28/2014 12:00:00 AM,0,0,0
04/28/2014 01:00:00 AM,2,0,2
04/28/2014 02:00:00 AM,2,1,1
04/28/2014 03:00:00 AM,3,3,0
04/28/2014 04:00:00 AM,3,1,2
04/28/2014 05:00:00 AM,25,2,23
04/28/2014 06:00:00 AM,71,13,58
04/28/2014 07:00:00 AM,134,19,115
04/28/2014 08:00:00 AM,130,11,119
04/28/2014 09:00:00 AM,63,10,53
04/28/2014 10:00:00 AM,22,6,16
04/28/2014 11:00:00 AM,15,3,12
04/28/2014 12:00:00 PM,26,12,14
04/28/2014 01:00:00 PM,22,10,12
04/28/2014 02:00:00 PM,40,29,11
04/28/2014 03:00:00 PM,63,44,19
04/28/2014 04:00:00 PM,99,71,28
04/28/2014 05:00:00 PM,191,153,38
04/28/2014 06:00:00 PM,126,104,22
04/28/2014 07:00:00 PM,50,37,13
04/28/2014 08:00:00 PM,18,15,3
04/28/2014 09:00:00 PM,16,13,3
04/28/2014 10:00:00 PM,9,4,5
04/28/2014 11:00:00 PM,2,1,1
04/29/2014 12:00:00 AM,5,3,2
04/29/2014 01:00:00 AM,1,0,1
04/29/2014 02:00:00 AM,2,1,1
04/29/2014 03:00:00 AM,0,0,0
04/29/2014 04:00:00 AM,2,1,1
04/29/2014 05:00:00 AM,29,5,24
04/29/2014 06:00:00 AM,92,9,83
04/29/2014 07:00:00 AM,175,30,145
04/29/2014 08:00:00 AM,133,18,115
04/29/2014 09:00:00 AM,72,12,60
04/29/2014 10:00:00 AM,31,7,24
04/29/2014 11:00:00 AM,21,9,12
04/29/2014 12:00:00 PM,37,20,17
04/29/2014 01:00:00 PM,33,15,18
04/29/2014 02:00:00 PM,34,14,20
04/29/2014 03:00:00 PM,72,52,20
04/29/2014 04:00:00 PM,114,86,28
04/29/2014 05:00:00 PM,241,192,49
04/29/2014 06:00:00 PM,147,113,34
04/29/2014 07:00:00 PM,71,53,18
04/29/2014 08:00:00 PM,41,20,21
04/29/2014 09:00:00 PM,11,3,8
04/29/2014 10:00:00 PM,6,6,0
04/29/2014 11:00:00 PM,1,1,0
04/30/2014 12:00:00 AM,4,2,2
04/30/2014 01:00:00 AM,4,2,2
04/30/2014 02:00:00 AM,2,0,2
04/30/2014 03:00:00 AM,1,1,0
04/30/2014 04:00:00 AM,5,1,4
04/30/2014 05:00:00 AM,28,4,24
04/30/2014 06:00:00 AM,118,22,96
04/30/2014 07:00:00 AM,185,30,155
04/30/2014 08:00:00 AM,146,15,131
04/30/2014 09:00:00 AM,62,7,55
04/30/2014 10:00:00 AM,37,8,29
04/30/2014 11:00:00 AM,27,11,16
04/30/2014 12:00:00 PM,37,15,22
04/30/2014 01:00:00 PM,31,12,19
04/30/2014 02:00:00 PM,78,42,36
04/30/2014 03:00:00 PM,79,52,27
04/30/2014 04:00:00 PM,159,115,44
04/30/2014 05:00:00 PM,209,176,33
04/30/2014 06:00:00 PM,158,128,30
04/30/2014 07:00:00 PM,81,52,29
04/30/2014 08:00:00 PM,49,28,21
04/30/2014 09:00:00 PM,11,9,2
04/30/2014 10:00:00 PM,20,14,6
04/30/2014 11:00:00 PM,5,4,1
05/01/2014 12:00:00 AM,6,5,1
05/01/2014 01:00:00 AM,1,1,0
05/01/2014 02:00:00 AM,0,0,0
05/01/2014 03:00:00 AM,1,1,0
05/01/2014 04:00:00 AM,5,1,4
05/01/2014 05:00:00 AM,33,5,28
05/01/2014 06:00:00 AM,128,22,106
05/01/2014 07:00:00 AM,211,33,178
05/01/2014 08:00:00 AM,194,12,182
05/01/2014 09:00:00 AM,99,8,91
05/01/2014 10:00:00 AM,39,7,32
05/01/2014 11:00:00 AM,31,15,16
05/01/2014 12:00:00 PM,41,18,23
05/01/2014 01:00:00 PM,59,33,26
05/01/2014 02:00:00 PM,67,39,28
05/01/2014 03:00:00 PM,88,57,31
05/01/2014 04:00:00 PM,180,140,40
05/01/2014 05:00:00 PM,245,212,33
05/01/2014 06:00:00 PM,176,138,38
05/01/2014 07:00:00 PM,79,55,24
05/01/2014 08:00:00 PM,45,27,18
05/01/2014 09:00:00 PM,26,17,9
05/01/2014 10:00:00 PM,11,8,3
05/01/2014 11:00:00 PM,7,3,4
05/02/2014 12:00:00 AM,4,3,1
05/02/2014 01:00:00 AM,6,6,0
05/02/2014 02:00:00 AM,1,1,0
05/02/2014 03:00:00 AM,4,1,3
05/02/2014 04:00:00 AM,6,0,6
05/02/2014 05:00:00 AM,26,2,24
05/02/2014 06:00:00 AM,87,17,70
05/02/2014 07:00:00 AM,189,29,160
05/02/2014 08:00:00 AM,160,15,145
05/02/2014 09:00:00 AM,75,13,62
05/02/2014 10:00:00 AM,33,8,25
05/02/2014 11:00:00 AM,29,13,16
05/02/2014 12:00:00 PM,37,21,16
05/02/2014 01:00:00 PM,38,16,22
05/02/2014 02:00:00 PM,45,28,17
05/02/2014 03:00:00 PM,74,53,21
05/02/2014 04:00:00 PM,140,107,33
05/02/2014 05:00:00 PM,185,159,26
05/02/2014 06:00:00 PM,102,88,14
05/02/2014 07:00:00 PM,49,32,17
05/02/2014 08:00:00 PM,19,17,2
05/02/2014 09:00:00 PM,9,8,1
05/02/2014 10:00:00 PM,48,7,41
05/02/2014 11:00:00 PM,3,1,2
05/03/2014 12:00:00 AM,8,6,2
05/03/2014 01:00:00 AM,4,2,2
05/03/2014 02:00:00 AM,4,4,0
05/03/2014 03:00:00 AM,1,1,0
05/03/2014 04:00:00 AM,1,1,0
05/03/2014 05:00:00 AM,1,0,1
05/03/2014 06:00:00 AM,14,5,9
05/03/2014 07:00:00 AM,20,4,16
05/03/2014 08:00:00 AM,39,8,31
05/03/2014 09:00:00 AM,51,37,14
05/03/2014 10:00:00 AM,62,26,36
05/03/2014 11:00:00 AM,48,25,23
05/03/2014 12:00:00 PM,43,20,23
05/03/2014 01:00:00 PM,17,7,10
05/03/2014 02:00:00 PM,18,11,7
05/03/2014 03:00:00 PM,11,9,2
05/03/2014 04:00:00 PM,7,3,4
05/03/2014 05:00:00 PM,11,8,3
05/03/2014 06:00:00 PM,12,8,4
05/03/2014 07:00:00 PM,2,2,0
05/03/2014 08:00:00 PM,0,0,0
05/03/2014 09:00:00 PM,1,1,0
05/03/2014 10:00:00 PM,5,2,3
05/03/2014 11:00:00 PM,1,1,0
05/04/2014 12:00:00 AM,2,2,0
05/04/2014 01:00:00 AM,0,0,0
05/04/2014 02:00:00 AM,1,1,0
05/04/2014 03:00:00 AM,0,0,0
05/04/2014 04:00:00 AM,0,0,0
05/04/2014 05:00:00 AM,1,0,1
05/04/2014 06:00:00 AM,1,0,1
05/04/2014 07:00:00 AM,4,2,2
05/04/2014 08:00:00 AM,13,7,6
05/04/2014 09:00:00 AM,31,5,26
05/04/2014 10:00:00 AM,16,8,8
05/04/2014 11:00:00 AM,28,8,20
05/04/2014 12:00:00 PM,13,6,7
05/04/2014 01:00:00 PM,20,14,6
05/04/2014 02:00:00 PM,17,5,12
05/04/2014 03:00:00 PM,16,9,7
05/04/2014 04:00:00 PM,9,2,7
05/04/2014 05:00:00 PM,11,6,5
05/04/2014 06:00:00 PM,6,4,2
05/04/2014 07:00:00 PM,10,5,5
05/04/2014 08:00:00 PM,3,2,1
05/04/2014 09:00:00 PM,5,3,2
05/04/2014 10:00:00 PM,0,0,0
05/04/2014 11:00:00 PM,1,1,0
05/05/2014 12:00:00 AM,0,0,0
05/05/2014 01:00:00 AM,0,0,0
05/05/2014 02:00:00 AM,2,2,0
05/05/2014 03:00:00 AM,1,1,0
05/05/2014 04:00:00 AM,2,2,0
05/05/2014 05:00:00 AM,19,5,14
05/05/2014 06:00:00 AM,64,10,54
05/05/2014 07:00:00 AM,109,13,96
05/05/2014 08:00:00 AM,95,11,84
05/05/2014 09:00:00 AM,36,4,32
05/05/2014 10:00:00 AM,23,4,19
05/05/2014 11:00:00 AM,9,1,8
05/05/2014 12:00:00 PM,18,8,10
05/05/2014 01:00:00 PM,10,3,7
05/05/2014 02:00:00 PM,23,15,8
05/05/2014 03:00:00 PM,40,35,5
05/05/2014 04:00:00 PM,69,53,16
05/05/2014 05:00:00 PM,123,99,24
05/05/2014 06:00:00 PM,85,70,15
05/05/2014 07:00:00 PM,45,30,15
05/05/2014 08:00:00 PM,16,9,7
05/05/2014 09:00:00 PM,11,6,5
05/05/2014 10:00:00 PM,7,6,1
05/05/2014 11:00:00 PM,3,2,1
05/06/2014 12:00:00 AM,2,2,0
05/06/2014 01:00:00 AM,0,0,0
05/06/2014 02:00:00 AM,0,0,0
05/06/2014 03:00:00 AM,2,1,1
05/06/2014 04:00:00 AM,7,2,5
05/06/2014 05:00:00 AM,34,4,30
05/06/2014 06:00:00 AM,119,19,100
05/06/2014 07:00:00 AM,182,27,155
05/06/2014 08:00:00 AM,161,12,149
05/06/2014 09:00:00 AM,82,25,57
05/06/2014 10:00:00 AM,28,8,20
05/06/2014 11:00:00 AM,15,5,10
05/06/2014 12:00:00 PM,24,11,13
05/06/2014 01:00:00 PM,20,8,12
05/06/2014 02:00:00 PM,31,17,14
05/06/2014 03:00:00 PM,49,39,10
05/06/2014 04:00:00 PM,118,86,32
05/06/2014 05:00:00 PM,214,184,30
05/06/2014 06:00:00 PM,154,135,19
05/06/2014 07:00:00 PM,74,64,10
05/06/2014 08:00:00 PM,36,21,15
05/06/2014 09:00:00 PM,11,7,4
05/06/2014 10:00:00 PM,10,5,5
05/06/2014 11:00:00 PM,4,4,0
05/07/2014 12:00:00 AM,2,2,0
05/07/2014 01:00:00 AM,0,0,0
05/07/2014 02:00:00 AM,1,0,1
05/07/2014 03:00:00 AM,1,1,0
05/07/2014 04:00:00 AM,6,0,6
05/07/2014 05:00:00 AM,28,4,24
05/07/2014 06:00:00 AM,130,27,103
05/07/2014 07:00:00 AM,197,28,169
05/07/2014 08:00:00 AM,156,15,141
05/07/2014 09:00:00 AM,70,9,61
05/07/2014 10:00:00 AM,38,9,29
05/07/2014 11:00:00 AM,41,16,25
05/07/2014 12:00:00 PM,28,13,15
05/07/2014 01:00:00 PM,42,17,25
05/07/2014 02:00:00 PM,48,28,20
05/07/2014 03:00:00 PM,93,65,28
05/07/2014 04:00:00 PM,132,102,30
05/07/2014 05:00:00 PM,256,200,56
05/07/2014 06:00:00 PM,150,120,30
05/07/2014 07:00:00 PM,78,53,25
05/07/2014 08:00:00 PM,33,19,14
05/07/2014 09:00:00 PM,44,33,11
05/07/2014 10:00:00 PM,13,10,3
05/07/2014 11:00:00 PM,5,1,4
05/08/2014 12:00:00 AM,7,3,4
05/08/2014 01:00:00 AM,2,2,0
05/08/2014 02:00:00 AM,1,1,0
05/08/2014 03:00:00 AM,3,2,1
05/08/2014 04:00:00 AM,9,3,6
05/08/2014 05:00:00 AM,27,1,26
05/08/2014 06:00:00 AM,82,15,67
05/08/2014 07:00:00 AM,132,20,112
05/08/2014 08:00:00 AM,131,9,122
05/08/2014 09:00:00 AM,56,7,49
05/08/2014 10:00:00 AM,13,3,10
05/08/2014 11:00:00 AM,13,5,8
05/08/2014 12:00:00 PM,22,11,11
05/08/2014 01:00:00 PM,14,7,7
05/08/2014 02:00:00 PM,14,11,3
05/08/2014 03:00:00 PM,29,24,5
05/08/2014 04:00:00 PM,54,46,8
05/08/2014 05:00:00 PM,118,101,17
05/08/2014 06:00:00 PM,80,69,11
05/08/2014 07:00:00 PM,36,29,7
05/08/2014 08:00:00 PM,14,10,4
05/08/2014 09:00:00 PM,6,5,1
05/08/2014 10:00:00 PM,4,4,0
05/08/2014 11:00:00 PM,1,1,0
05/09/2014 12:00:00 AM,2,0,2
05/09/2014 01:00:00 AM,1,1,0
05/09/2014 02:00:00 AM,1,0,1
05/09/2014 03:00:00 AM,0,0,0
05/09/2014 04:00:00 AM,4,0,4
05/09/2014 05:00:00 AM,18,3,15
05/09/2014 06:00:00 AM,46,7,39
05/09/2014 07:00:00 AM,119,19,100
05/09/2014 08:00:00 AM,99,4,95
05/09/2014 09:00:00 AM,42,3,39
05/09/2014 10:00:00 AM,24,6,18
05/09/2014 11:00:00 AM,10,7,3
05/09/2014 12:00:00 PM,10,6,4
05/09/2014 01:00:00 PM,17,7,10
05/09/2014 02:00:00 PM,17,12,5
05/09/2014 03:00:00 PM,39,29,10
05/09/2014 04:00:00 PM,63,44,19
05/09/2014 05:00:00 PM,135,111,24
05/09/2014 06:00:00 PM,66,61,5
05/09/2014 07:00:00 PM,27,24,3
05/09/2014 08:00:00 PM,11,8,3
05/09/2014 09:00:00 PM,8,4,4
05/09/2014 10:00:00 PM,5,5,0
05/09/2014 11:00:00 PM,1,0,1
05/10/2014 12:00:00 AM,3,2,1
05/10/2014 01:00:00 AM,1,1,0
05/10/2014 02:00:00 AM,0,0,0
05/10/2014 03:00:00 AM,1,0,1
05/10/2014 04:00:00 AM,1,0,1
05/10/2014 05:00:00 AM,9,3,6
05/10/2014 06:00:00 AM,7,3,4
05/10/2014 07:00:00 AM,8,2,6
05/10/2014 08:00:00 AM,16,8,8
05/10/2014 09:00:00 AM,24,9,15
05/10/2014 10:00:00 AM,41,29,12
05/10/2014 11:00:00 AM,42,12,30
05/10/2014 12:00:00 PM,50,17,33
05/10/2014 01:00:00 PM,47,27,20
05/10/2014 02:00:00 PM,67,29,38
05/10/2014 03:00:00 PM,45,20,25
05/10/2014 04:00:00 PM,31,16,15
05/10/2014 05:00:00 PM,36,18,18
05/10/2014 06:00:00 PM,14,9,5
05/10/2014 07:00:00 PM,19,12,7
05/10/2014 08:00:00 PM,18,11,7
05/10/2014 09:00:00 PM,10,3,7
05/10/2014 10:00:00 PM,3,3,0
05/10/2014 11:00:00 PM,2,2,0
05/11/2014 12:00:00 AM,3,3,0
05/11/2014 01:00:00 AM,1,0,1
05/11/2014 02:00:00 AM,0,0,0
05/11/2014 03:00:00 AM,1,1,0
05/11/2014 04:00:00 AM,2,2,0
05/11/2014 05:00:00 AM,4,1,3
05/11/2014 06:00:00 AM,6,3,3
05/11/2014 07:00:00 AM,11,6,5
05/11/2014 08:00:00 AM,17,2,15
05/11/2014 09:00:00 AM,39,11,28
05/11/2014 10:00:00 AM,23,13,10
05/11/2014 11:00:00 AM,68,22,46
05/11/2014 12:00:00 PM,75,35,40
05/11/2014 01:00:00 PM,71,36,35
05/11/2014 02:00:00 PM,95,49,46
05/11/2014 03:00:00 PM,79,40,39
05/11/2014 04:00:00 PM,68,45,23
05/11/2014 05:00:00 PM,56,26,30
05/11/2014 06:00:00 PM,48,23,25
05/11/2014 07:00:00 PM,31,16,15
05/11/2014 08:00:00 PM,13,8,5
05/11/2014 09:00:00 PM,7,2,5
05/11/2014 10:00:00 PM,5,3,2
05/11/2014 11:00:00 PM,1,1,0
05/12/2014 12:00:00 AM,5,3,2
05/12/2014 01:00:00 AM,1,1,0
05/12/2014 02:00:00 AM,0,0,0
05/12/2014 03:00:00 AM,2,2,0
05/12/2014 04:00:00 AM,9,0,9
05/12/2014 05:00:00 AM,35,8,27
05/12/2014 06:00:00 AM,105,17,88
05/12/2014 07:00:00 AM,206,32,174
05/12/2014 08:00:00 AM,173,19,154
05/12/2014 09:00:00 AM,75,6,69
05/12/2014 10:00:00 AM,32,9,23
05/12/2014 11:00:00 AM,22,8,14
05/12/2014 12:00:00 PM,39,14,25
05/12/2014 01:00:00 PM,29,16,13
05/12/2014 02:00:00 PM,52,29,23
05/12/2014 03:00:00 PM,73,47,26
05/12/2014 04:00:00 PM,136,97,39
05/12/2014 05:00:00 PM,258,216,42
05/12/2014 06:00:00 PM,186,165,21
05/12/2014 07:00:00 PM,63,45,18
05/12/2014 08:00:00 PM,49,32,17
05/12/2014 09:00:00 PM,17,6,11
05/12/2014 10:00:00 PM,17,11,6
05/12/2014 11:00:00 PM,9,4,5
05/13/2014 12:00:00 AM,5,3,2
05/13/2014 01:00:00 AM,3,3,0
05/13/2014 02:00:00 AM,0,0,0
05/13/2014 03:00:00 AM,2,2,0
05/13/2014 04:00:00 AM,1,0,1
05/13/2014 05:00:00 AM,32,4,28
05/13/2014 06:00:00 AM,136,20,116
05/13/2014 07:00:00 AM,220,20,200
05/13/2014 08:00:00 AM,177,12,165
05/13/2014 09:00:00 AM,80,7,73
05/13/2014 10:00:00 AM,47,12,35
05/13/2014 11:00:00 AM,30,15,15
05/13/2014 12:00:00 PM,40,21,19
05/13/2014 01:00:00 PM,34,16,18
05/13/2014 02:00:00 PM,53,33,20
05/13/2014 03:00:00 PM,76,48,28
05/13/2014 04:00:00 PM,160,119,41
05/13/2014 05:00:00 PM,285,237,48
05/13/2014 06:00:00 PM,173,145,28
05/13/2014 07:00:00 PM,94,70,24
05/13/2014 08:00:00 PM,69,42,27
05/13/2014 09:00:00 PM,18,13,5
05/13/2014 10:00:00 PM,13,10,3
05/13/2014 11:00:00 PM,4,1,3
05/14/2014 12:00:00 AM,7,5,2
05/14/2014 01:00:00 AM,3,2,1
05/14/2014 02:00:00 AM,1,0,1
05/14/2014 03:00:00 AM,1,1,0
05/14/2014 04:00:00 AM,5,1,4
05/14/2014 05:00:00 AM,37,8,29
05/14/2014 06:00:00 AM,135,29,106
05/14/2014 07:00:00 AM,211,24,187
05/14/2014 08:00:00 AM,182,10,172
05/14/2014 09:00:00 AM,85,9,76
05/14/2014 10:00:00 AM,24,8,16
05/14/2014 11:00:00 AM,36,15,21
05/14/2014 12:00:00 PM,60,30,30
05/14/2014 01:00:00 PM,53,27,26
05/14/2014 02:00:00 PM,46,34,12
05/14/2014 03:00:00 PM,82,54,28
05/14/2014 04:00:00 PM,164,127,37
05/14/2014 05:00:00 PM,287,241,46
05/14/2014 06:00:00 PM,180,142,38
05/14/2014 07:00:00 PM,121,94,27
05/14/2014 08:00:00 PM,75,46,29
05/14/2014 09:00:00 PM,27,10,17
05/14/2014 10:00:00 PM,22,10,12
05/14/2014 11:00:00 PM,3,1,2
05/15/2014 12:00:00 AM,6,4,2
05/15/2014 01:00:00 AM,2,2,0
05/15/2014 02:00:00 AM,2,0,2
05/15/2014 03:00:00 AM,0,0,0
05/15/2014 04:00:00 AM,8,3,5
05/15/2014 05:00:00 AM,32,4,28
05/15/2014 06:00:00 AM,121,16,105
05/15/2014 07:00:00 AM,217,24,193
05/15/2014 08:00:00 AM,175,10,165
05/15/2014 09:00:00 AM,77,6,71
05/15/2014 10:00:00 AM,50,24,26
05/15/2014 11:00:00 AM,32,9,23
05/15/2014 12:00:00 PM,43,24,19
05/15/2014 01:00:00 PM,45,26,19
05/15/2014 02:00:00 PM,44,31,13
05/15/2014 03:00:00 PM,63,35,28
05/15/2014 04:00:00 PM,144,120,24
05/15/2014 05:00:00 PM,259,212,47
05/15/2014 06:00:00 PM,155,128,27
05/15/2014 07:00:00 PM,89,71,18
05/15/2014 08:00:00 PM,31,14,17
05/15/2014 09:00:00 PM,34,22,12
05/15/2014 10:00:00 PM,17,11,6
05/15/2014 11:00:00 PM,2,1,1
05/16/2014 12:00:00 AM,8,6,2
05/16/2014 01:00:00 AM,3,0,3
05/16/2014 02:00:00 AM,1,1,0
05/16/2014 03:00:00 AM,4,2,2
05/16/2014 04:00:00 AM,5,2,3
05/16/2014 05:00:00 AM,45,11,34
05/16/2014 06:00:00 AM,135,30,105
05/16/2014 07:00:00 AM,249,29,220
05/16/2014 08:00:00 AM,194,23,171
05/16/2014 09:00:00 AM,93,15,78
05/16/2014 10:00:00 AM,33,8,25
05/16/2014 11:00:00 AM,31,15,16
05/16/2014 12:00:00 PM,71,55,16
05/16/2014 01:00:00 PM,39,21,18
05/16/2014 02:00:00 PM,95,49,46
05/16/2014 03:00:00 PM,66,47,19
05/16/2014 04:00:00 PM,179,128,51
05/16/2014 05:00:00 PM,231,193,38
05/16/2014 06:00:00 PM,120,102,18
05/16/2014 07:00:00 PM,73,61,12
05/16/2014 08:00:00 PM,37,21,16
05/16/2014 09:00:00 PM,10,8,2
05/16/2014 10:00:00 PM,8,4,4
05/16/2014 11:00:00 PM,5,2,3
05/17/2014 12:00:00 AM,8,4,4
05/17/2014 01:00:00 AM,2,2,0
05/17/2014 02:00:00 AM,4,4,0
05/17/2014 03:00:00 AM,1,0,1
05/17/2014 04:00:00 AM,1,1,0
05/17/2014 05:00:00 AM,3,1,2
05/17/2014 06:00:00 AM,16,3,13
05/17/2014 07:00:00 AM,23,10,13
05/17/2014 08:00:00 AM,22,9,13
05/17/2014 09:00:00 AM,48,21,27
05/17/2014 10:00:00 AM,37,21,16
05/17/2014 11:00:00 AM,63,34,29
05/17/2014 12:00:00 PM,51,25,26
05/17/2014 01:00:00 PM,67,36,31
05/17/2014 02:00:00 PM,57,21,36
05/17/2014 03:00:00 PM,58,27,31
05/17/2014 04:00:00 PM,56,22,34
05/17/2014 05:00:00 PM,27,16,11
05/17/2014 06:00:00 PM,32,17,15
05/17/2014 07:00:00 PM,20,11,9
05/17/2014 08:00:00 PM,9,5,4
05/17/2014 09:00:00 PM,9,9,0
05/17/2014 10:00:00 PM,10,8,2
05/17/2014 11:00:00 PM,5,2,3
05/18/2014 12:00:00 AM,4,4,0
05/18/2014 01:00:00 AM,3,2,1
05/18/2014 02:00:00 AM,1,1,0
05/18/2014 03:00:00 AM,0,0,0
05/18/2014 04:00:00 AM,2,1,1
05/18/2014 05:00:00 AM,5,1,4
05/18/2014 06:00:00 AM,4,1,3
05/18/2014 07:00:00 AM,9,3,6
05/18/2014 08:00:00 AM,26,9,17
05/18/2014 09:00:00 AM,33,10,23
05/18/2014 10:00:00 AM,45,17,28
05/18/2014 11:00:00 AM,56,33,23
05/18/2014 12:00:00 PM,73,33,40
05/18/2014 01:00:00 PM,70,30,40
05/18/2014 02:00:00 PM,102,50,52
05/18/2014 03:00:00 PM,52,21,31
05/18/2014 04:00:00 PM,37,17,20
05/18/2014 05:00:00 PM,37,22,15
05/18/2014 06:00:00 PM,19,6,13
05/18/2014 07:00:00 PM,14,5,9
05/18/2014 08:00:00 PM,8,4,4
05/18/2014 09:00:00 PM,3,3,0
05/18/2014 10:00:00 PM,3,1,2
05/18/2014 11:00:00 PM,2,1,1
05/19/2014 12:00:00 AM,1,0,1
05/19/2014 01:00:00 AM,0,0,0
05/19/2014 02:00:00 AM,1,1,0
05/19/2014 03:00:00 AM,1,0,1
05/19/2014 04:00:00 AM,6,2,4
05/19/2014 05:00:00 AM,23,4,19
05/19/2014 06:00:00 AM,101,10,91
05/19/2014 07:00:00 AM,176,22,154
05/19/2014 08:00:00 AM,152,11,141
05/19/2014 09:00:00 AM,69,7,62
05/19/2014 10:00:00 AM,39,8,31
05/19/2014 11:00:00 AM,29,9,20
05/19/2014 12:00:00 PM,28,14,14
05/19/2014 01:00:00 PM,24,13,11
05/19/2014 02:00:00 PM,53,35,18
05/19/2014 03:00:00 PM,53,34,19
05/19/2014 04:00:00 PM,120,91,29
05/19/2014 05:00:00 PM,215,186,29
05/19/2014 06:00:00 PM,139,131,8
05/19/2014 07:00:00 PM,65,50,15
05/19/2014 08:00:00 PM,35,21,14
05/19/2014 09:00:00 PM,24,15,9
05/19/2014 10:00:00 PM,11,7,4
05/19/2014 11:00:00 PM,9,5,4
05/20/2014 12:00:00 AM,7,7,0
05/20/2014 01:00:00 AM,9,3,6
05/20/2014 02:00:00 AM,0,0,0
05/20/2014 03:00:00 AM,1,0,1
05/20/2014 04:00:00 AM,6,2,4
05/20/2014 05:00:00 AM,43,6,37
05/20/2014 06:00:00 AM,147,26,121
05/20/2014 07:00:00 AM,200,25,175
05/20/2014 08:00:00 AM,210,12,198
05/20/2014 09:00:00 AM,82,4,78
05/20/2014 10:00:00 AM,35,15,20
05/20/2014 11:00:00 AM,31,13,18
05/20/2014 12:00:00 PM,25,11,14
05/20/2014 01:00:00 PM,37,19,18
05/20/2014 02:00:00 PM,48,26,22
05/20/2014 03:00:00 PM,81,53,28
05/20/2014 04:00:00 PM,150,119,31
05/20/2014 05:00:00 PM,253,225,28
05/20/2014 06:00:00 PM,167,140,27
05/20/2014 07:00:00 PM,73,54,19
05/20/2014 08:00:00 PM,36,31,5
05/20/2014 09:00:00 PM,32,18,14
05/20/2014 10:00:00 PM,12,8,4
05/20/2014 11:00:00 PM,6,4,2
05/21/2014 12:00:00 AM,1,1,0
05/21/2014 01:00:00 AM,3,3,0
05/21/2014 02:00:00 AM,2,1,1
05/21/2014 03:00:00 AM,0,0,0
05/21/2014 04:00:00 AM,10,3,7
05/21/2014 05:00:00 AM,33,1,32
05/21/2014 06:00:00 AM,119,14,105
05/21/2014 07:00:00 AM,207,25,182
05/21/2014 08:00:00 AM,131,10,121
05/21/2014 09:00:00 AM,101,12,89
05/21/2014 10:00:00 AM,30,8,22
05/21/2014 11:00:00 AM,26,17,9
05/21/2014 12:00:00 PM,35,13,22
05/21/2014 01:00:00 PM,46,21,25
05/21/2014 02:00:00 PM,42,17,25
05/21/2014 03:00:00 PM,65,43,22
05/21/2014 04:00:00 PM,127,100,27
05/21/2014 05:00:00 PM,226,191,35
05/21/2014 06:00:00 PM,164,141,23
05/21/2014 07:00:00 PM,68,49,19
05/21/2014 08:00:00 PM,36,27,9
05/21/2014 09:00:00 PM,21,15,6
05/21/2014 10:00:00 PM,16,10,6
05/21/2014 11:00:00 PM,9,7,2
05/22/2014 12:00:00 AM,6,4,2
05/22/2014 01:00:00 AM,2,0,2
05/22/2014 02:00:00 AM,2,2,0
05/22/2014 03:00:00 AM,2,1,1
05/22/2014 04:00:00 AM,8,1,7
05/22/2014 05:00:00 AM,32,7,25
05/22/2014 06:00:00 AM,118,18,100
05/22/2014 07:00:00 AM,194,24,170
05/22/2014 08:00:00 AM,183,20,163
05/22/2014 09:00:00 AM,79,5,74
05/22/2014 10:00:00 AM,31,9,22
05/22/2014 11:00:00 AM,40,15,25
05/22/2014 12:00:00 PM,33,15,18
05/22/2014 01:00:00 PM,50,25,25
05/22/2014 02:00:00 PM,45,32,13
05/22/2014 03:00:00 PM,59,39,20
05/22/2014 04:00:00 PM,128,98,30
05/22/2014 05:00:00 PM,225,196,29
05/22/2014 06:00:00 PM,175,148,27
05/22/2014 07:00:00 PM,74,53,21
05/22/2014 08:00:00 PM,33,23,10
05/22/2014 09:00:00 PM,15,9,6
05/22/2014 10:00:00 PM,16,11,5
05/22/2014 11:00:00 PM,1,1,0
05/23/2014 12:00:00 AM,8,6,2
05/23/2014 01:00:00 AM,1,1,0
05/23/2014 02:00:00 AM,2,1,1
05/23/2014 03:00:00 AM,1,0,1
05/23/2014 04:00:00 AM,4,1,3
05/23/2014 05:00:00 AM,19,5,14
05/23/2014 06:00:00 AM,82,16,66
05/23/2014 07:00:00 AM,106,13,93
05/23/2014 08:00:00 AM,76,6,70
05/23/2014 09:00:00 AM,38,3,35
05/23/2014 10:00:00 AM,17,8,9
05/23/2014 11:00:00 AM,11,8,3
05/23/2014 12:00:00 PM,17,10,7
05/23/2014 01:00:00 PM,15,3,12
05/23/2014 02:00:00 PM,33,27,6
05/23/2014 03:00:00 PM,46,36,10
05/23/2014 04:00:00 PM,68,56,12
05/23/2014 05:00:00 PM,81,67,14
05/23/2014 06:00:00 PM,60,47,13
05/23/2014 07:00:00 PM,32,26,6
05/23/2014 08:00:00 PM,13,10,3
05/23/2014 09:00:00 PM,9,6,3
05/23/2014 10:00:00 PM,7,3,4
05/23/2014 11:00:00 PM,5,0,5
05/24/2014 12:00:00 AM,0,0,0
05/24/2014 01:00:00 AM,1,1,0
05/24/2014 02:00:00 AM,1,1,0
05/24/2014 03:00:00 AM,2,2,0
05/24/2014 04:00:00 AM,0,0,0
05/24/2014 05:00:00 AM,5,2,3
05/24/2014 06:00:00 AM,10,2,8
05/24/2014 07:00:00 AM,16,2,14
05/24/2014 08:00:00 AM,44,21,23
05/24/2014 09:00:00 AM,41,20,21
05/24/2014 10:00:00 AM,52,24,28
05/24/2014 11:00:00 AM,68,34,34
05/24/2014 12:00:00 PM,69,47,22
05/24/2014 01:00:00 PM,67,29,38
05/24/2014 02:00:00 PM,65,40,25
05/24/2014 03:00:00 PM,44,24,20
05/24/2014 04:00:00 PM,50,19,31
05/24/2014 05:00:00 PM,36,23,13
05/24/2014 06:00:00 PM,27,10,17
05/24/2014 07:00:00 PM,16,7,9
05/24/2014 08:00:00 PM,16,8,8
05/24/2014 09:00:00 PM,10,10,0
05/24/2014 10:00:00 PM,8,5,3
05/24/2014 11:00:00 PM,6,5,1
05/25/2014 12:00:00 AM,5,2,3
05/25/2014 01:00:00 AM,2,2,0
05/25/2014 02:00:00 AM,1,0,1
05/25/2014 03:00:00 AM,0,0,0
05/25/2014 04:00:00 AM,0,0,0
05/25/2014 05:00:00 AM,1,0,1
05/25/2014 06:00:00 AM,6,3,3
05/25/2014 07:00:00 AM,9,2,7
05/25/2014 08:00:00 AM,15,4,11
05/25/2014 09:00:00 AM,37,17,20
05/25/2014 10:00:00 AM,49,28,21
05/25/2014 11:00:00 AM,47,28,19
05/25/2014 12:00:00 PM,42,18,24
05/25/2014 01:00:00 PM,33,19,14
05/25/2014 02:00:00 PM,36,20,16
05/25/2014 03:00:00 PM,21,8,13
05/25/2014 04:00:00 PM,21,9,12
05/25/2014 05:00:00 PM,11,3,8
05/25/2014 06:00:00 PM,10,8,2
05/25/2014 07:00:00 PM,1,1,0
05/25/2014 08:00:00 PM,8,6,2
05/25/2014 09:00:00 PM,3,3,0
05/25/2014 10:00:00 PM,5,3,2
05/25/2014 11:00:00 PM,3,2,1
05/26/2014 12:00:00 AM,0,0,0
05/26/2014 01:00:00 AM,0,0,0
05/26/2014 02:00:00 AM,1,1,0
05/26/2014 03:00:00 AM,0,0,0
05/26/2014 04:00:00 AM,0,0,0
05/26/2014 05:00:00 AM,3,2,1
05/26/2014 06:00:00 AM,6,0,6
05/26/2014 07:00:00 AM,10,4,6
05/26/2014 08:00:00 AM,17,4,13
05/26/2014 09:00:00 AM,24,10,14
05/26/2014 10:00:00 AM,40,19,21
05/26/2014 11:00:00 AM,44,13,31
05/26/2014 12:00:00 PM,70,36,34
05/26/2014 01:00:00 PM,79,45,34
05/26/2014 02:00:00 PM,68,29,39
05/26/2014 03:00:00 PM,73,42,31
05/26/2014 04:00:00 PM,62,34,28
05/26/2014 05:00:00 PM,37,27,10
05/26/2014 06:00:00 PM,55,24,31
05/26/2014 07:00:00 PM,26,9,17
05/26/2014 08:00:00 PM,13,10,3
05/26/2014 09:00:00 PM,12,6,6
05/26/2014 10:00:00 PM,7,6,1
05/26/2014 11:00:00 PM,5,2,3
05/27/2014 12:00:00 AM,1,0,1
05/27/2014 01:00:00 AM,0,0,0
05/27/2014 02:00:00 AM,1,1,0
05/27/2014 03:00:00 AM,0,0,0
05/27/2014 04:00:00 AM,5,1,4
05/27/2014 05:00:00 AM,24,3,21
05/27/2014 06:00:00 AM,109,11,98
05/27/2014 07:00:00 AM,189,21,168
05/27/2014 08:00:00 AM,173,12,161
05/27/2014 09:00:00 AM,73,9,64
05/27/2014 10:00:00 AM,33,7,26
05/27/2014 11:00:00 AM,23,10,13
05/27/2014 12:00:00 PM,30,16,14
05/27/2014 01:00:00 PM,32,17,15
05/27/2014 02:00:00 PM,42,25,17
05/27/2014 03:00:00 PM,59,46,13
05/27/2014 04:00:00 PM,107,86,21
05/27/2014 05:00:00 PM,266,221,45
05/27/2014 06:00:00 PM,157,127,30
05/27/2014 07:00:00 PM,76,61,15
05/27/2014 08:00:00 PM,50,23,27
05/27/2014 09:00:00 PM,16,12,4
05/27/2014 10:00:00 PM,11,9,2
05/27/2014 11:00:00 PM,5,4,1
05/28/2014 12:00:00 AM,5,4,1
05/28/2014 01:00:00 AM,1,1,0
05/28/2014 02:00:00 AM,1,0,1
05/28/2014 03:00:00 AM,1,0,1
05/28/2014 04:00:00 AM,5,3,2
05/28/2014 05:00:00 AM,16,4,12
05/28/2014 06:00:00 AM,86,12,74
05/28/2014 07:00:00 AM,132,22,110
05/28/2014 08:00:00 AM,125,9,116
05/28/2014 09:00:00 AM,51,4,47
05/28/2014 10:00:00 AM,27,9,18
05/28/2014 11:00:00 AM,27,17,10
05/28/2014 12:00:00 PM,26,8,18
05/28/2014 01:00:00 PM,40,8,32
05/28/2014 02:00:00 PM,31,15,16
05/28/2014 03:00:00 PM,53,38,15
05/28/2014 04:00:00 PM,104,85,19
05/28/2014 05:00:00 PM,132,110,22
05/28/2014 06:00:00 PM,107,89,18
05/28/2014 07:00:00 PM,35,30,5
05/28/2014 08:00:00 PM,24,18,6
05/28/2014 09:00:00 PM,15,9,6
05/28/2014 10:00:00 PM,11,8,3
05/28/2014 11:00:00 PM,6,4,2
05/29/2014 12:00:00 AM,1,1,0
05/29/2014 01:00:00 AM,3,3,0
05/29/2014 02:00:00 AM,0,0,0
05/29/2014 03:00:00 AM,0,0,0
05/29/2014 04:00:00 AM,3,0,3
05/29/2014 05:00:00 AM,39,4,35
05/29/2014 06:00:00 AM,108,14,94
05/29/2014 07:00:00 AM,165,17,148
05/29/2014 08:00:00 AM,142,15,127
05/29/2014 09:00:00 AM,81,10,71
05/29/2014 10:00:00 AM,30,11,19
05/29/2014 11:00:00 AM,27,14,13
05/29/2014 12:00:00 PM,38,13,25
05/29/2014 01:00:00 PM,35,15,20
05/29/2014 02:00:00 PM,31,11,20
05/29/2014 03:00:00 PM,60,44,16
05/29/2014 04:00:00 PM,113,91,22
05/29/2014 05:00:00 PM,207,165,42
05/29/2014 06:00:00 PM,154,132,22
05/29/2014 07:00:00 PM,50,39,11
05/29/2014 08:00:00 PM,29,22,7
05/29/2014 09:00:00 PM,25,20,5
05/29/2014 10:00:00 PM,8,6,2
05/29/2014 11:00:00 PM,4,4,0
05/30/2014 12:00:00 AM,4,4,0
05/30/2014 01:00:00 AM,4,4,0
05/30/2014 02:00:00 AM,4,3,1
05/30/2014 03:00:00 AM,0,0,0
05/30/2014 04:00:00 AM,3,0,3
05/30/2014 05:00:00 AM,34,5,29
05/30/2014 06:00:00 AM,92,23,69
05/30/2014 07:00:00 AM,191,20,171
05/30/2014 08:00:00 AM,173,10,163
05/30/2014 09:00:00 AM,72,7,65
05/30/2014 10:00:00 AM,31,12,19
05/30/2014 11:00:00 AM,32,14,18
05/30/2014 12:00:00 PM,37,20,17
05/30/2014 01:00:00 PM,38,19,19
05/30/2014 02:00:00 PM,52,33,19
05/30/2014 03:00:00 PM,64,44,20
05/30/2014 04:00:00 PM,143,111,32
05/30/2014 05:00:00 PM,203,176,27
05/30/2014 06:00:00 PM,168,144,24
05/30/2014 07:00:00 PM,62,50,12
05/30/2014 08:00:00 PM,26,15,11
05/30/2014 09:00:00 PM,10,5,5
05/30/2014 10:00:00 PM,29,11,18
05/30/2014 11:00:00 PM,5,2,3
05/31/2014 12:00:00 AM,2,0,2
05/31/2014 01:00:00 AM,8,4,4
05/31/2014 02:00:00 AM,4,3,1
05/31/2014 03:00:00 AM,1,1,0
05/31/2014 04:00:00 AM,0,0,0
05/31/2014 05:00:00 AM,3,0,3
05/31/2014 06:00:00 AM,21,6,15
05/31/2014 07:00:00 AM,28,9,19
05/31/2014 08:00:00 AM,46,13,33
05/31/2014 09:00:00 AM,65,32,33
05/31/2014 10:00:00 AM,71,35,36
05/31/2014 11:00:00 AM,100,49,51
05/31/2014 12:00:00 PM,123,50,73
05/31/2014 01:00:00 PM,78,42,36
05/31/2014 02:00:00 PM,108,58,50
05/31/2014 03:00:00 PM,109,68,41
05/31/2014 04:00:00 PM,84,42,42
05/31/2014 05:00:00 PM,85,39,46
05/31/2014 06:00:00 PM,49,36,13
05/31/2014 07:00:00 PM,45,17,28
05/31/2014 08:00:00 PM,38,17,21
05/31/2014 09:00:00 PM,20,14,6
05/31/2014 10:00:00 PM,9,3,6
05/31/2014 11:00:00 PM,7,3,4
06/01/2014 12:00:00 AM,10,6,4
06/01/2014 01:00:00 AM,1,1,0
06/01/2014 02:00:00 AM,3,2,1
06/01/2014 03:00:00 AM,0,0,0
06/01/2014 04:00:00 AM,4,2,2
06/01/2014 05:00:00 AM,2,0,2
06/01/2014 06:00:00 AM,18,6,12
06/01/2014 07:00:00 AM,21,9,12
06/01/2014 08:00:00 AM,41,19,22
06/01/2014 09:00:00 AM,35,22,13
06/01/2014 10:00:00 AM,58,31,27
06/01/2014 11:00:00 AM,75,37,38
06/01/2014 12:00:00 PM,75,35,40
06/01/2014 01:00:00 PM,68,34,34
06/01/2014 02:00:00 PM,96,46,50
06/01/2014 03:00:00 PM,75,40,35
06/01/2014 04:00:00 PM,80,45,35
06/01/2014 05:00:00 PM,73,36,37
06/01/2014 06:00:00 PM,43,17,26
06/01/2014 07:00:00 PM,32,15,17
06/01/2014 08:00:00 PM,17,7,10
06/01/2014 09:00:00 PM,8,5,3
06/01/2014 10:00:00 PM,6,2,4
06/01/2014 11:00:00 PM,3,0,3
06/02/2014 12:00:00 AM,3,3,0
06/02/2014 01:00:00 AM,0,0,0
06/02/2014 02:00:00 AM,2,2,0
06/02/2014 03:00:00 AM,1,0,1
06/02/2014 04:00:00 AM,4,1,3
06/02/2014 05:00:00 AM,35,8,27
06/02/2014 06:00:00 AM,88,11,77
06/02/2014 07:00:00 AM,173,19,154
06/02/2014 08:00:00 AM,147,14,133
06/02/2014 09:00:00 AM,66,5,61
06/02/2014 10:00:00 AM,29,8,21
06/02/2014 11:00:00 AM,20,6,14
06/02/2014 12:00:00 PM,39,24,15
06/02/2014 01:00:00 PM,33,16,17
06/02/2014 02:00:00 PM,36,21,15
06/02/2014 03:00:00 PM,64,49,15
06/02/2014 04:00:00 PM,122,91,31
06/02/2014 05:00:00 PM,198,162,36
06/02/2014 06:00:00 PM,143,122,21
06/02/2014 07:00:00 PM,68,56,12
06/02/2014 08:00:00 PM,41,21,20
06/02/2014 09:00:00 PM,23,13,10
06/02/2014 10:00:00 PM,6,2,4
06/02/2014 11:00:00 PM,6,6,0
06/03/2014 12:00:00 AM,4,3,1
06/03/2014 01:00:00 AM,1,0,1
06/03/2014 02:00:00 AM,2,0,2
06/03/2014 03:00:00 AM,0,0,0
06/03/2014 04:00:00 AM,4,1,3
06/03/2014 05:00:00 AM,37,4,33
06/03/2014 06:00:00 AM,110,14,96
06/03/2014 07:00:00 AM,179,21,158
06/03/2014 08:00:00 AM,170,16,154
06/03/2014 09:00:00 AM,70,12,58
06/03/2014 10:00:00 AM,31,6,25
06/03/2014 11:00:00 AM,21,6,15
06/03/2014 12:00:00 PM,20,12,8
06/03/2014 01:00:00 PM,24,11,13
06/03/2014 02:00:00 PM,34,22,12
06/03/2014 03:00:00 PM,52,42,10
06/03/2014 04:00:00 PM,123,97,26
06/03/2014 05:00:00 PM,224,191,33
06/03/2014 06:00:00 PM,142,113,29
06/03/2014 07:00:00 PM,91,73,18
06/03/2014 08:00:00 PM,24,18,6
06/03/2014 09:00:00 PM,17,5,12
06/03/2014 10:00:00 PM,30,10,20
06/03/2014 11:00:00 PM,6,3,3
06/04/2014 12:00:00 AM,2,2,0
06/04/2014 01:00:00 AM,1,0,1
06/04/2014 02:00:00 AM,0,0,0
06/04/2014 03:00:00 AM,2,2,0
06/04/2014 04:00:00 AM,5,1,4
06/04/2014 05:00:00 AM,21,4,17
06/04/2014 06:00:00 AM,110,19,91
06/04/2014 07:00:00 AM,182,26,156
06/04/2014 08:00:00 AM,139,8,131
06/04/2014 09:00:00 AM,71,9,62
06/04/2014 10:00:00 AM,38,12,26
06/04/2014 11:00:00 AM,25,9,16
06/04/2014 12:00:00 PM,30,14,16
06/04/2014 01:00:00 PM,27,13,14
06/04/2014 02:00:00 PM,40,17,23
06/04/2014 03:00:00 PM,60,48,12
06/04/2014 04:00:00 PM,126,98,28
06/04/2014 05:00:00 PM,203,160,43
06/04/2014 06:00:00 PM,125,110,15
06/04/2014 07:00:00 PM,81,57,24
06/04/2014 08:00:00 PM,50,38,12
06/04/2014 09:00:00 PM,28,16,12
06/04/2014 10:00:00 PM,21,11,10
06/04/2014 11:00:00 PM,5,4,1
06/05/2014 12:00:00 AM,7,4,3
06/05/2014 01:00:00 AM,0,0,0
06/05/2014 02:00:00 AM,0,0,0
06/05/2014 03:00:00 AM,3,2,1
06/05/2014 04:00:00 AM,5,1,4
06/05/2014 05:00:00 AM,38,7,31
06/05/2014 06:00:00 AM,107,16,91
06/05/2014 07:00:00 AM,165,22,143
06/05/2014 08:00:00 AM,125,18,107
06/05/2014 09:00:00 AM,80,11,69
06/05/2014 10:00:00 AM,30,6,24
06/05/2014 11:00:00 AM,25,8,17
06/05/2014 12:00:00 PM,35,18,17
06/05/2014 01:00:00 PM,37,17,20
06/05/2014 02:00:00 PM,42,25,17
06/05/2014 03:00:00 PM,58,42,16
06/05/2014 04:00:00 PM,115,87,28
06/05/2014 05:00:00 PM,201,170,31
06/05/2014 06:00:00 PM,137,115,22
06/05/2014 07:00:00 PM,85,74,11
06/05/2014 08:00:00 PM,58,34,24
06/05/2014 09:00:00 PM,23,18,5
06/05/2014 10:00:00 PM,11,4,7
06/05/2014 11:00:00 PM,17,10,7
06/06/2014 12:00:00 AM,7,6,1
06/06/2014 01:00:00 AM,3,3,0
06/06/2014 02:00:00 AM,1,1,0
06/06/2014 03:00:00 AM,1,0,1
06/06/2014 04:00:00 AM,6,1,5
06/06/2014 05:00:00 AM,35,1,34
06/06/2014 06:00:00 AM,73,10,63
06/06/2014 07:00:00 AM,146,27,119
06/06/2014 08:00:00 AM,127,10,117
06/06/2014 09:00:00 AM,60,9,51
06/06/2014 10:00:00 AM,37,11,26
06/06/2014 11:00:00 AM,36,15,21
06/06/2014 12:00:00 PM,34,21,13
06/06/2014 01:00:00 PM,45,23,22
06/06/2014 02:00:00 PM,43,22,21
06/06/2014 03:00:00 PM,48,34,14
06/06/2014 04:00:00 PM,132,99,33
06/06/2014 05:00:00 PM,174,139,35
06/06/2014 06:00:00 PM,100,81,19
06/06/2014 07:00:00 PM,56,36,20
06/06/2014 08:00:00 PM,35,23,12
06/06/2014 09:00:00 PM,20,11,9
06/06/2014 10:00:00 PM,7,6,1
06/06/2014 11:00:00 PM,10,9,1
06/07/2014 12:00:00 AM,9,4,5
06/07/2014 01:00:00 AM,2,2,0
06/07/2014 02:00:00 AM,3,2,1
06/07/2014 03:00:00 AM,2,2,0
06/07/2014 04:00:00 AM,1,1,0
06/07/2014 05:00:00 AM,4,1,3
06/07/2014 06:00:00 AM,12,7,5
06/07/2014 07:00:00 AM,35,6,29
06/07/2014 08:00:00 AM,51,19,32
06/07/2014 09:00:00 AM,66,32,34
06/07/2014 10:00:00 AM,67,33,34
06/07/2014 11:00:00 AM,72,41,31
06/07/2014 12:00:00 PM,74,36,38
06/07/2014 01:00:00 PM,111,53,58
06/07/2014 02:00:00 PM,89,48,41
06/07/2014 03:00:00 PM,93,57,36
06/07/2014 04:00:00 PM,104,49,55
06/07/2014 05:00:00 PM,79,54,25
06/07/2014 06:00:00 PM,38,15,23
06/07/2014 07:00:00 PM,26,10,16
06/07/2014 08:00:00 PM,36,20,16
06/07/2014 09:00:00 PM,19,12,7
06/07/2014 10:00:00 PM,12,5,7
06/07/2014 11:00:00 PM,4,3,1
06/08/2014 12:00:00 AM,12,0,12
06/08/2014 01:00:00 AM,5,4,1
06/08/2014 02:00:00 AM,6,3,3
06/08/2014 03:00:00 AM,2,2,0
06/08/2014 04:00:00 AM,2,1,1
06/08/2014 05:00:00 AM,10,4,6
06/08/2014 06:00:00 AM,7,3,4
06/08/2014 07:00:00 AM,22,11,11
06/08/2014 08:00:00 AM,49,10,39
06/08/2014 09:00:00 AM,40,22,18
06/08/2014 10:00:00 AM,69,29,40
06/08/2014 11:00:00 AM,69,40,29
06/08/2014 12:00:00 PM,56,25,31
06/08/2014 01:00:00 PM,77,39,38
06/08/2014 02:00:00 PM,68,39,29
06/08/2014 03:00:00 PM,69,36,33
06/08/2014 04:00:00 PM,90,42,48
06/08/2014 05:00:00 PM,40,28,12
06/08/2014 06:00:00 PM,36,16,20
06/08/2014 07:00:00 PM,28,16,12
06/08/2014 08:00:00 PM,20,10,10
06/08/2014 09:00:00 PM,6,4,2
06/08/2014 10:00:00 PM,8,7,1
06/08/2014 11:00:00 PM,8,3,5
06/09/2014 12:00:00 AM,3,1,2
06/09/2014 01:00:00 AM,0,0,0
06/09/2014 02:00:00 AM,0,0,0
06/09/2014 03:00:00 AM,1,1,0
06/09/2014 04:00:00 AM,4,0,4
06/09/2014 05:00:00 AM,25,4,21
06/09/2014 06:00:00 AM,80,8,72
06/09/2014 07:00:00 AM,144,17,127
06/09/2014 08:00:00 AM,130,14,116
06/09/2014 09:00:00 AM,63,6,57
06/09/2014 10:00:00 AM,32,4,28
06/09/2014 11:00:00 AM,31,11,20
06/09/2014 12:00:00 PM,17,8,9
06/09/2014 01:00:00 PM,14,8,6
06/09/2014 02:00:00 PM,41,30,11
06/09/2014 03:00:00 PM,43,30,13
06/09/2014 04:00:00 PM,101,81,20
06/09/2014 05:00:00 PM,201,172,29
06/09/2014 06:00:00 PM,126,108,18
06/09/2014 07:00:00 PM,49,32,17
06/09/2014 08:00:00 PM,35,25,10
06/09/2014 09:00:00 PM,16,10,6
06/09/2014 10:00:00 PM,13,8,5
06/09/2014 11:00:00 PM,4,3,1
06/10/2014 12:00:00 AM,3,2,1
06/10/2014 01:00:00 AM,0,0,0
06/10/2014 02:00:00 AM,1,1,0
06/10/2014 03:00:00 AM,2,0,2
06/10/2014 04:00:00 AM,3,1,2
06/10/2014 05:00:00 AM,37,5,32
06/10/2014 06:00:00 AM,95,19,76
06/10/2014 07:00:00 AM,171,18,153
06/10/2014 08:00:00 AM,143,14,129
06/10/2014 09:00:00 AM,63,5,58
06/10/2014 10:00:00 AM,28,7,21
06/10/2014 11:00:00 AM,21,7,14
06/10/2014 12:00:00 PM,32,14,18
06/10/2014 01:00:00 PM,21,8,13
06/10/2014 02:00:00 PM,33,17,16
06/10/2014 03:00:00 PM,57,38,19
06/10/2014 04:00:00 PM,111,86,25
06/10/2014 05:00:00 PM,209,178,31
06/10/2014 06:00:00 PM,143,116,27
06/10/2014 07:00:00 PM,46,36,10
06/10/2014 08:00:00 PM,32,22,10
06/10/2014 09:00:00 PM,22,19,3
06/10/2014 10:00:00 PM,18,14,4
06/10/2014 11:00:00 PM,3,2,1
06/11/2014 12:00:00 AM,3,3,0
06/11/2014 01:00:00 AM,1,1,0
06/11/2014 02:00:00 AM,0,0,0
06/11/2014 03:00:00 AM,1,1,0
06/11/2014 04:00:00 AM,6,2,4
06/11/2014 05:00:00 AM,34,4,30
06/11/2014 06:00:00 AM,103,17,86
06/11/2014 07:00:00 AM,170,18,152
06/11/2014 08:00:00 AM,148,13,135
06/11/2014 09:00:00 AM,90,10,80
06/11/2014 10:00:00 AM,34,9,25
06/11/2014 11:00:00 AM,22,8,14
06/11/2014 12:00:00 PM,34,17,17
06/11/2014 01:00:00 PM,39,19,20
06/11/2014 02:00:00 PM,50,30,20
06/11/2014 03:00:00 PM,89,61,28
06/11/2014 04:00:00 PM,134,107,27
06/11/2014 05:00:00 PM,219,172,47
06/11/2014 06:00:00 PM,152,122,30
06/11/2014 07:00:00 PM,75,60,15
06/11/2014 08:00:00 PM,41,29,12
06/11/2014 09:00:00 PM,23,13,10
06/11/2014 10:00:00 PM,20,14,6
06/11/2014 11:00:00 PM,4,4,0
06/12/2014 12:00:00 AM,5,4,1
06/12/2014 01:00:00 AM,1,1,0
06/12/2014 02:00:00 AM,0,0,0
06/12/2014 03:00:00 AM,1,1,0
06/12/2014 04:00:00 AM,5,1,4
06/12/2014 05:00:00 AM,35,6,29
06/12/2014 06:00:00 AM,89,14,75
06/12/2014 07:00:00 AM,149,16,133
06/12/2014 08:00:00 AM,133,8,125
06/12/2014 09:00:00 AM,48,10,38
06/12/2014 10:00:00 AM,27,4,23
06/12/2014 11:00:00 AM,22,7,15
06/12/2014 12:00:00 PM,32,12,20
06/12/2014 01:00:00 PM,31,13,18
06/12/2014 02:00:00 PM,30,19,11
06/12/2014 03:00:00 PM,48,33,15
06/12/2014 04:00:00 PM,93,64,29
06/12/2014 05:00:00 PM,157,131,26
06/12/2014 06:00:00 PM,108,95,13
06/12/2014 07:00:00 PM,62,43,19
06/12/2014 08:00:00 PM,23,17,6
06/12/2014 09:00:00 PM,16,9,7
06/12/2014 10:00:00 PM,9,8,1
06/12/2014 11:00:00 PM,9,9,0
06/13/2014 12:00:00 AM,3,2,1
06/13/2014 01:00:00 AM,1,1,0
06/13/2014 02:00:00 AM,0,0,0
06/13/2014 03:00:00 AM,3,2,1
06/13/2014 04:00:00 AM,4,1,3
06/13/2014 05:00:00 AM,12,4,8
06/13/2014 06:00:00 AM,41,5,36
06/13/2014 07:00:00 AM,65,9,56
06/13/2014 08:00:00 AM,62,3,59
06/13/2014 09:00:00 AM,30,5,25
06/13/2014 10:00:00 AM,9,3,6
06/13/2014 11:00:00 AM,9,4,5
06/13/2014 12:00:00 PM,8,3,5
06/13/2014 01:00:00 PM,12,7,5
06/13/2014 02:00:00 PM,13,8,5
06/13/2014 03:00:00 PM,27,20,7
06/13/2014 04:00:00 PM,73,57,16
06/13/2014 05:00:00 PM,83,73,10
06/13/2014 06:00:00 PM,53,44,9
06/13/2014 07:00:00 PM,19,13,6
06/13/2014 08:00:00 PM,12,9,3
06/13/2014 09:00:00 PM,7,7,0
06/13/2014 10:00:00 PM,6,3,3
06/13/2014 11:00:00 PM,6,4,2
06/14/2014 12:00:00 AM,5,4,1
06/14/2014 01:00:00 AM,2,0,2
06/14/2014 02:00:00 AM,0,0,0
06/14/2014 03:00:00 AM,4,4,0
06/14/2014 04:00:00 AM,2,1,1
06/14/2014 05:00:00 AM,4,0,4
06/14/2014 06:00:00 AM,13,6,7
06/14/2014 07:00:00 AM,21,4,17
06/14/2014 08:00:00 AM,38,15,23
06/14/2014 09:00:00 AM,42,14,28
06/14/2014 10:00:00 AM,43,23,20
06/14/2014 11:00:00 AM,40,27,13
06/14/2014 12:00:00 PM,52,33,19
06/14/2014 01:00:00 PM,55,22,33
06/14/2014 02:00:00 PM,66,30,36
06/14/2014 03:00:00 PM,100,59,41
06/14/2014 04:00:00 PM,94,38,56
06/14/2014 05:00:00 PM,36,16,20
06/14/2014 06:00:00 PM,41,18,23
06/14/2014 07:00:00 PM,9,7,2
06/14/2014 08:00:00 PM,11,10,1
06/14/2014 09:00:00 PM,4,1,3
06/14/2014 10:00:00 PM,11,6,5
06/14/2014 11:00:00 PM,2,1,1
06/15/2014 12:00:00 AM,4,3,1
06/15/2014 01:00:00 AM,2,1,1
06/15/2014 02:00:00 AM,2,2,0
06/15/2014 03:00:00 AM,1,1,0
06/15/2014 04:00:00 AM,2,2,0
06/15/2014 05:00:00 AM,3,1,2
06/15/2014 06:00:00 AM,5,2,3
06/15/2014 07:00:00 AM,7,2,5
06/15/2014 08:00:00 AM,27,7,20
06/15/2014 09:00:00 AM,24,12,12
06/15/2014 10:00:00 AM,51,20,31
06/15/2014 11:00:00 AM,54,27,27
06/15/2014 12:00:00 PM,39,23,16
06/15/2014 01:00:00 PM,44,18,26
06/15/2014 02:00:00 PM,31,14,17
06/15/2014 03:00:00 PM,42,23,19
06/15/2014 04:00:00 PM,39,19,20
06/15/2014 05:00:00 PM,31,12,19
06/15/2014 06:00:00 PM,11,5,6
06/15/2014 07:00:00 PM,9,3,6
06/15/2014 08:00:00 PM,5,3,2
06/15/2014 09:00:00 PM,6,5,1
06/15/2014 10:00:00 PM,4,3,1
06/15/2014 11:00:00 PM,12,12,0
06/16/2014 12:00:00 AM,1,1,0
06/16/2014 01:00:00 AM,0,0,0
06/16/2014 02:00:00 AM,1,1,0
06/16/2014 03:00:00 AM,1,0,1
06/16/2014 04:00:00 AM,2,1,1
06/16/2014 05:00:00 AM,18,4,14
06/16/2014 06:00:00 AM,55,6,49
06/16/2014 07:00:00 AM,115,11,104
06/16/2014 08:00:00 AM,100,9,91
06/16/2014 09:00:00 AM,45,8,37
06/16/2014 10:00:00 AM,19,5,14
06/16/2014 11:00:00 AM,9,4,5
06/16/2014 12:00:00 PM,15,5,10
06/16/2014 01:00:00 PM,12,2,10
06/16/2014 02:00:00 PM,35,25,10
06/16/2014 03:00:00 PM,56,36,20
06/16/2014 04:00:00 PM,74,53,21
06/16/2014 05:00:00 PM,139,114,25
06/16/2014 06:00:00 PM,104,85,19
06/16/2014 07:00:00 PM,42,29,13
06/16/2014 08:00:00 PM,26,20,6
06/16/2014 09:00:00 PM,21,12,9
06/16/2014 10:00:00 PM,7,6,1
06/16/2014 11:00:00 PM,5,4,1
06/17/2014 12:00:00 AM,4,3,1
06/17/2014 01:00:00 AM,1,0,1
06/17/2014 02:00:00 AM,2,2,0
06/17/2014 03:00:00 AM,0,0,0
06/17/2014 04:00:00 AM,0,0,0
06/17/2014 05:00:00 AM,21,4,17
06/17/2014 06:00:00 AM,76,9,67
06/17/2014 07:00:00 AM,137,17,120
06/17/2014 08:00:00 AM,131,11,120
06/17/2014 09:00:00 AM,54,7,47
06/17/2014 10:00:00 AM,34,4,30
06/17/2014 11:00:00 AM,18,8,10
06/17/2014 12:00:00 PM,23,10,13
06/17/2014 01:00:00 PM,24,10,14
06/17/2014 02:00:00 PM,24,12,12
06/17/2014 03:00:00 PM,45,28,17
06/17/2014 04:00:00 PM,94,83,11
06/17/2014 05:00:00 PM,161,131,30
06/17/2014 06:00:00 PM,126,106,20
06/17/2014 07:00:00 PM,50,34,16
06/17/2014 08:00:00 PM,28,22,6
06/17/2014 09:00:00 PM,12,8,4
06/17/2014 10:00:00 PM,9,6,3
06/17/2014 11:00:00 PM,5,4,1
06/18/2014 12:00:00 AM,5,4,1
06/18/2014 01:00:00 AM,4,2,2
06/18/2014 02:00:00 AM,3,1,2
06/18/2014 03:00:00 AM,2,1,1
06/18/2014 04:00:00 AM,8,4,4
06/18/2014 05:00:00 AM,27,7,20
06/18/2014 06:00:00 AM,109,19,90
06/18/2014 07:00:00 AM,152,17,135
06/18/2014 08:00:00 AM,151,10,141
06/18/2014 09:00:00 AM,39,7,32
06/18/2014 10:00:00 AM,38,11,27
06/18/2014 11:00:00 AM,23,7,16
06/18/2014 12:00:00 PM,25,13,12
06/18/2014 01:00:00 PM,28,17,11
06/18/2014 02:00:00 PM,42,23,19
06/18/2014 03:00:00 PM,55,37,18
06/18/2014 04:00:00 PM,119,90,29
06/18/2014 05:00:00 PM,163,92,71
06/18/2014 06:00:00 PM,123,62,61
06/18/2014 07:00:00 PM,34,26,8
06/18/2014 08:00:00 PM,36,25,11
06/18/2014 09:00:00 PM,17,12,5
06/18/2014 10:00:00 PM,10,6,4
06/18/2014 11:00:00 PM,7,3,4
06/19/2014 12:00:00 AM,7,4,3
06/19/2014 01:00:00 AM,3,1,2
06/19/2014 02:00:00 AM,0,0,0
06/19/2014 03:00:00 AM,1,1,0
06/19/2014 04:00:00 AM,6,1,5
06/19/2014 05:00:00 AM,26,4,22
06/19/2014 06:00:00 AM,103,12,91
06/19/2014 07:00:00 AM,151,21,130
06/19/2014 08:00:00 AM,136,18,118
06/19/2014 09:00:00 AM,49,6,43
06/19/2014 10:00:00 AM,24,1,23
06/19/2014 11:00:00 AM,27,16,11
06/19/2014 12:00:00 PM,34,15,19
06/19/2014 01:00:00 PM,42,22,20
06/19/2014 02:00:00 PM,41,27,14
06/19/2014 03:00:00 PM,57,30,27
06/19/2014 04:00:00 PM,110,88,22
06/19/2014 05:00:00 PM,196,162,34
06/19/2014 06:00:00 PM,128,109,19
06/19/2014 07:00:00 PM,59,39,20
06/19/2014 08:00:00 PM,32,21,11
06/19/2014 09:00:00 PM,22,20,2
06/19/2014 10:00:00 PM,13,6,7
06/19/2014 11:00:00 PM,3,3,0
06/20/2014 12:00:00 AM,3,3,0
06/20/2014 01:00:00 AM,2,2,0
06/20/2014 02:00:00 AM,1,1,0
06/20/2014 03:00:00 AM,2,0,2
06/20/2014 04:00:00 AM,2,0,2
06/20/2014 05:00:00 AM,31,5,26
06/20/2014 06:00:00 AM,53,4,49
06/20/2014 07:00:00 AM,118,17,101
06/20/2014 08:00:00 AM,119,11,108
06/20/2014 09:00:00 AM,52,10,42
06/20/2014 10:00:00 AM,29,7,22
06/20/2014 11:00:00 AM,14,7,7
06/20/2014 12:00:00 PM,32,19,13
06/20/2014 01:00:00 PM,18,8,10
06/20/2014 02:00:00 PM,33,25,8
06/20/2014 03:00:00 PM,60,38,22
06/20/2014 04:00:00 PM,103,74,29
06/20/2014 05:00:00 PM,168,139,29
06/20/2014 06:00:00 PM,79,68,11
06/20/2014 07:00:00 PM,36,27,9
06/20/2014 08:00:00 PM,21,12,9
06/20/2014 09:00:00 PM,15,4,11
06/20/2014 10:00:00 PM,21,12,9
06/20/2014 11:00:00 PM,8,4,4
06/21/2014 12:00:00 AM,7,5,2
06/21/2014 01:00:00 AM,13,5,8
06/21/2014 02:00:00 AM,1,1,0
06/21/2014 03:00:00 AM,0,0,0
06/21/2014 04:00:00 AM,1,0,1
06/21/2014 05:00:00 AM,5,0,5
06/21/2014 06:00:00 AM,6,3,3
06/21/2014 07:00:00 AM,40,20,20
06/21/2014 08:00:00 AM,56,32,24
06/21/2014 09:00:00 AM,77,37,40
06/21/2014 10:00:00 AM,86,37,49
06/21/2014 11:00:00 AM,93,39,54
06/21/2014 12:00:00 PM,89,34,55
06/21/2014 01:00:00 PM,102,26,76
06/21/2014 02:00:00 PM,118,43,75
06/21/2014 03:00:00 PM,83,37,46
06/21/2014 04:00:00 PM,92,53,39
06/21/2014 05:00:00 PM,85,55,30
06/21/2014 06:00:00 PM,53,37,16
06/21/2014 07:00:00 PM,42,29,13
06/21/2014 08:00:00 PM,36,24,12
06/21/2014 09:00:00 PM,29,23,6
06/21/2014 10:00:00 PM,9,5,4
06/21/2014 11:00:00 PM,12,6,6
06/22/2014 12:00:00 AM,10,7,3
06/22/2014 01:00:00 AM,6,4,2
06/22/2014 02:00:00 AM,4,1,3
06/22/2014 03:00:00 AM,3,2,1
06/22/2014 04:00:00 AM,3,2,1
06/22/2014 05:00:00 AM,3,0,3
06/22/2014 06:00:00 AM,9,1,8
06/22/2014 07:00:00 AM,23,11,12
06/22/2014 08:00:00 AM,49,25,24
06/22/2014 09:00:00 AM,60,24,36
06/22/2014 10:00:00 AM,86,43,43
06/22/2014 11:00:00 AM,49,22,27
06/22/2014 12:00:00 PM,88,39,49
06/22/2014 01:00:00 PM,97,45,52
06/22/2014 02:00:00 PM,84,44,40
06/22/2014 03:00:00 PM,63,26,37
06/22/2014 04:00:00 PM,66,32,34
06/22/2014 05:00:00 PM,60,32,28
06/22/2014 06:00:00 PM,52,36,16
06/22/2014 07:00:00 PM,36,18,18
06/22/2014 08:00:00 PM,26,13,13
06/22/2014 09:00:00 PM,15,9,6
06/22/2014 10:00:00 PM,14,8,6
06/22/2014 11:00:00 PM,4,3,1
06/23/2014 12:00:00 AM,4,1,3
06/23/2014 01:00:00 AM,0,0,0
06/23/2014 02:00:00 AM,1,0,1
06/23/2014 03:00:00 AM,3,1,2
06/23/2014 04:00:00 AM,4,3,1
06/23/2014 05:00:00 AM,33,8,25
06/23/2014 06:00:00 AM,82,11,71
06/23/2014 07:00:00 AM,155,15,140
06/23/2014 08:00:00 AM,143,13,130
06/23/2014 09:00:00 AM,63,7,56
06/23/2014 10:00:00 AM,30,9,21
06/23/2014 11:00:00 AM,46,12,34
06/23/2014 12:00:00 PM,40,20,20
06/23/2014 01:00:00 PM,41,21,20
06/23/2014 02:00:00 PM,43,24,19
06/23/2014 03:00:00 PM,58,39,19
06/23/2014 04:00:00 PM,95,72,23
06/23/2014 05:00:00 PM,217,181,36
06/23/2014 06:00:00 PM,141,125,16
06/23/2014 07:00:00 PM,77,60,17
06/23/2014 08:00:00 PM,38,22,16
06/23/2014 09:00:00 PM,16,13,3
06/23/2014 10:00:00 PM,7,3,4
06/23/2014 11:00:00 PM,3,2,1
06/24/2014 12:00:00 AM,6,4,2
06/24/2014 01:00:00 AM,1,1,0
06/24/2014 02:00:00 AM,3,2,1
06/24/2014 03:00:00 AM,2,1,1
06/24/2014 04:00:00 AM,6,2,4
06/24/2014 05:00:00 AM,29,5,24
06/24/2014 06:00:00 AM,68,15,53
06/24/2014 07:00:00 AM,129,16,113
06/24/2014 08:00:00 AM,132,8,124
06/24/2014 09:00:00 AM,51,8,43
06/24/2014 10:00:00 AM,23,7,16
06/24/2014 11:00:00 AM,16,6,10
06/24/2014 12:00:00 PM,35,16,19
06/24/2014 01:00:00 PM,29,16,13
06/24/2014 02:00:00 PM,34,19,15
06/24/2014 03:00:00 PM,65,40,25
06/24/2014 04:00:00 PM,91,70,21
06/24/2014 05:00:00 PM,185,155,30
06/24/2014 06:00:00 PM,117,101,16
06/24/2014 07:00:00 PM,69,50,19
06/24/2014 08:00:00 PM,36,23,13
06/24/2014 09:00:00 PM,17,11,6
06/24/2014 10:00:00 PM,19,15,4
06/24/2014 11:00:00 PM,9,5,4
06/25/2014 12:00:00 AM,2,1,1
06/25/2014 01:00:00 AM,1,1,0
06/25/2014 02:00:00 AM,0,0,0
06/25/2014 03:00:00 AM,1,0,1
06/25/2014 04:00:00 AM,8,3,5
06/25/2014 05:00:00 AM,35,5,30
06/25/2014 06:00:00 AM,84,8,76
06/25/2014 07:00:00 AM,160,21,139
06/25/2014 08:00:00 AM,145,17,128
06/25/2014 09:00:00 AM,65,5,60
06/25/2014 10:00:00 AM,46,16,30
06/25/2014 11:00:00 AM,33,13,20
06/25/2014 12:00:00 PM,31,16,15
06/25/2014 01:00:00 PM,42,18,24
06/25/2014 02:00:00 PM,46,20,26
06/25/2014 03:00:00 PM,65,44,21
06/25/2014 04:00:00 PM,130,99,31
06/25/2014 05:00:00 PM,185,156,29
06/25/2014 06:00:00 PM,124,94,30
06/25/2014 07:00:00 PM,68,54,14
06/25/2014 08:00:00 PM,40,26,14
06/25/2014 09:00:00 PM,25,13,12
06/25/2014 10:00:00 PM,26,21,5
06/25/2014 11:00:00 PM,12,9,3
06/26/2014 12:00:00 AM,8,6,2
06/26/2014 01:00:00 AM,6,3,3
06/26/2014 02:00:00 AM,1,1,0
06/26/2014 03:00:00 AM,1,1,0
06/26/2014 04:00:00 AM,7,3,4
06/26/2014 05:00:00 AM,32,6,26
06/26/2014 06:00:00 AM,77,14,63
06/26/2014 07:00:00 AM,154,17,137
06/26/2014 08:00:00 AM,120,14,106
06/26/2014 09:00:00 AM,67,9,58
06/26/2014 10:00:00 AM,21,9,12
06/26/2014 11:00:00 AM,21,10,11
06/26/2014 12:00:00 PM,28,13,15
06/26/2014 01:00:00 PM,25,7,18
06/26/2014 02:00:00 PM,33,11,22
06/26/2014 03:00:00 PM,63,41,22
06/26/2014 04:00:00 PM,99,69,30
06/26/2014 05:00:00 PM,168,142,26
06/26/2014 06:00:00 PM,126,102,24
06/26/2014 07:00:00 PM,65,49,16
06/26/2014 08:00:00 PM,28,18,10
06/26/2014 09:00:00 PM,28,20,8
06/26/2014 10:00:00 PM,11,7,4
06/26/2014 11:00:00 PM,9,6,3
06/27/2014 12:00:00 AM,4,3,1
06/27/2014 01:00:00 AM,9,8,1
06/27/2014 02:00:00 AM,2,2,0
06/27/2014 03:00:00 AM,2,1,1
06/27/2014 04:00:00 AM,5,1,4
06/27/2014 05:00:00 AM,15,6,9
06/27/2014 06:00:00 AM,45,5,40
06/27/2014 07:00:00 AM,77,6,71
06/27/2014 08:00:00 AM,69,12,57
06/27/2014 09:00:00 AM,39,8,31
06/27/2014 10:00:00 AM,16,4,12
06/27/2014 11:00:00 AM,26,8,18
06/27/2014 12:00:00 PM,17,8,9
06/27/2014 01:00:00 PM,24,11,13
06/27/2014 02:00:00 PM,31,25,6
06/27/2014 03:00:00 PM,40,22,18
06/27/2014 04:00:00 PM,66,52,14
06/27/2014 05:00:00 PM,101,77,24
06/27/2014 06:00:00 PM,64,50,14
06/27/2014 07:00:00 PM,24,20,4
06/27/2014 08:00:00 PM,11,6,5
06/27/2014 09:00:00 PM,11,8,3
06/27/2014 10:00:00 PM,7,6,1
06/27/2014 11:00:00 PM,5,3,2
06/28/2014 12:00:00 AM,3,2,1
06/28/2014 01:00:00 AM,2,2,0
06/28/2014 02:00:00 AM,1,0,1
06/28/2014 03:00:00 AM,0,0,0
06/28/2014 04:00:00 AM,1,1,0
06/28/2014 05:00:00 AM,3,0,3
06/28/2014 06:00:00 AM,8,1,7
06/28/2014 07:00:00 AM,13,5,8
06/28/2014 08:00:00 AM,26,11,15
06/28/2014 09:00:00 AM,40,11,29
06/28/2014 10:00:00 AM,25,14,11
06/28/2014 11:00:00 AM,60,29,31
06/28/2014 12:00:00 PM,55,24,31
06/28/2014 01:00:00 PM,40,23,17
06/28/2014 02:00:00 PM,46,21,25
06/28/2014 03:00:00 PM,49,25,24
06/28/2014 04:00:00 PM,31,15,16
06/28/2014 05:00:00 PM,36,17,19
06/28/2014 06:00:00 PM,33,17,16
06/28/2014 07:00:00 PM,26,17,9
06/28/2014 08:00:00 PM,16,8,8
06/28/2014 09:00:00 PM,20,11,9
06/28/2014 10:00:00 PM,10,6,4
06/28/2014 11:00:00 PM,5,3,2
06/29/2014 12:00:00 AM,3,3,0
06/29/2014 01:00:00 AM,1,0,1
06/29/2014 02:00:00 AM,2,2,0
06/29/2014 03:00:00 AM,2,2,0
06/29/2014 04:00:00 AM,0,0,0
06/29/2014 05:00:00 AM,7,3,4
06/29/2014 06:00:00 AM,12,2,10
06/29/2014 07:00:00 AM,16,7,9
06/29/2014 08:00:00 AM,26,9,17
06/29/2014 09:00:00 AM,55,23,32
06/29/2014 10:00:00 AM,66,27,39
06/29/2014 11:00:00 AM,69,29,40
06/29/2014 12:00:00 PM,70,38,32
06/29/2014 01:00:00 PM,70,37,33
06/29/2014 02:00:00 PM,87,40,47
06/29/2014 03:00:00 PM,77,43,34
06/29/2014 04:00:00 PM,64,35,29
06/29/2014 05:00:00 PM,53,29,24
06/29/2014 06:00:00 PM,47,25,22
06/29/2014 07:00:00 PM,14,2,12
06/29/2014 08:00:00 PM,17,12,5
06/29/2014 09:00:00 PM,7,6,1
06/29/2014 10:00:00 PM,12,5,7
06/29/2014 11:00:00 PM,4,1,3
06/30/2014 12:00:00 AM,1,1,0
06/30/2014 01:00:00 AM,3,3,0
06/30/2014 02:00:00 AM,2,1,1
06/30/2014 03:00:00 AM,2,1,1
06/30/2014 04:00:00 AM,6,2,4
06/30/2014 05:00:00 AM,35,7,28
06/30/2014 06:00:00 AM,94,11,83
06/30/2014 07:00:00 AM,141,14,127
06/30/2014 08:00:00 AM,138,14,124
06/30/2014 09:00:00 AM,67,14,53
06/30/2014 10:00:00 AM,35,8,27
06/30/2014 11:00:00 AM,25,9,16
06/30/2014 12:00:00 PM,31,16,15
06/30/2014 01:00:00 PM,50,24,26
06/30/2014 02:00:00 PM,29,22,7
06/30/2014 03:00:00 PM,57,40,17
06/30/2014 04:00:00 PM,125,99,26
06/30/2014 05:00:00 PM,205,176,29
06/30/2014 06:00:00 PM,155,126,29
06/30/2014 07:00:00 PM,70,52,18
06/30/2014 08:00:00 PM,42,16,26
06/30/2014 09:00:00 PM,23,14,9
06/30/2014 10:00:00 PM,15,9,6
06/30/2014 11:00:00 PM,8,6,2
07/01/2014 12:00:00 AM,6,4,2
07/01/2014 01:00:00 AM,3,1,2
07/01/2014 02:00:00 AM,1,1,0
07/01/2014 03:00:00 AM,2,0,2
07/01/2014 04:00:00 AM,5,0,5
07/01/2014 05:00:00 AM,32,6,26
07/01/2014 06:00:00 AM,114,19,95
07/01/2014 07:00:00 AM,155,27,128
07/01/2014 08:00:00 AM,172,18,154
07/01/2014 09:00:00 AM,73,10,63
07/01/2014 10:00:00 AM,40,13,27
07/01/2014 11:00:00 AM,29,10,19
07/01/2014 12:00:00 PM,28,11,17
07/01/2014 01:00:00 PM,36,18,18
07/01/2014 02:00:00 PM,32,23,9
07/01/2014 03:00:00 PM,59,39,20
07/01/2014 04:00:00 PM,109,86,23
07/01/2014 05:00:00 PM,221,188,33
07/01/2014 06:00:00 PM,164,139,25
07/01/2014 07:00:00 PM,95,65,30
07/01/2014 08:00:00 PM,44,22,22
07/01/2014 09:00:00 PM,22,9,13
07/01/2014 10:00:00 PM,11,8,3
07/01/2014 11:00:00 PM,14,10,4
07/02/2014 12:00:00 AM,8,6,2
07/02/2014 01:00:00 AM,4,2,2
07/02/2014 02:00:00 AM,0,0,0
07/02/2014 03:00:00 AM,4,1,3
07/02/2014 04:00:00 AM,7,2,5
07/02/2014 05:00:00 AM,33,5,28
07/02/2014 06:00:00 AM,97,15,82
07/02/2014 07:00:00 AM,159,20,139
07/02/2014 08:00:00 AM,144,19,125
07/02/2014 09:00:00 AM,80,19,61
07/02/2014 10:00:00 AM,40,8,32
07/02/2014 11:00:00 AM,31,13,18
07/02/2014 12:00:00 PM,28,12,16
07/02/2014 01:00:00 PM,43,22,21
07/02/2014 02:00:00 PM,38,23,15
07/02/2014 03:00:00 PM,60,39,21
07/02/2014 04:00:00 PM,102,77,25
07/02/2014 05:00:00 PM,194,159,35
07/02/2014 06:00:00 PM,161,136,25
07/02/2014 07:00:00 PM,68,56,12
07/02/2014 08:00:00 PM,50,29,21
07/02/2014 09:00:00 PM,25,13,12
07/02/2014 10:00:00 PM,6,5,1
07/02/2014 11:00:00 PM,13,10,3
07/03/2014 12:00:00 AM,4,3,1
07/03/2014 01:00:00 AM,2,1,1
07/03/2014 02:00:00 AM,1,1,0
07/03/2014 03:00:00 AM,1,0,1
07/03/2014 04:00:00 AM,3,1,2
07/03/2014 05:00:00 AM,21,5,16
07/03/2014 06:00:00 AM,82,8,74
07/03/2014 07:00:00 AM,113,19,94
07/03/2014 08:00:00 AM,114,16,98
07/03/2014 09:00:00 AM,53,10,43
07/03/2014 10:00:00 AM,38,14,24
07/03/2014 11:00:00 AM,27,10,17
07/03/2014 12:00:00 PM,27,11,16
07/03/2014 01:00:00 PM,41,25,16
07/03/2014 02:00:00 PM,35,23,12
07/03/2014 03:00:00 PM,83,57,26
07/03/2014 04:00:00 PM,99,79,20
07/03/2014 05:00:00 PM,125,99,26
07/03/2014 06:00:00 PM,79,63,16
07/03/2014 07:00:00 PM,43,35,8
07/03/2014 08:00:00 PM,30,22,8
07/03/2014 09:00:00 PM,20,10,10
07/03/2014 10:00:00 PM,10,6,4
07/03/2014 11:00:00 PM,9,6,3
07/04/2014 12:00:00 AM,13,6,7
07/04/2014 01:00:00 AM,4,1,3
07/04/2014 02:00:00 AM,2,2,0
07/04/2014 03:00:00 AM,1,0,1
07/04/2014 04:00:00 AM,2,1,1
07/04/2014 05:00:00 AM,8,2,6
07/04/2014 06:00:00 AM,18,5,13
07/04/2014 07:00:00 AM,32,11,21
07/04/2014 08:00:00 AM,39,19,20
07/04/2014 09:00:00 AM,70,32,38
07/04/2014 10:00:00 AM,81,48,33
07/04/2014 11:00:00 AM,78,38,40
07/04/2014 12:00:00 PM,103,41,62
07/04/2014 01:00:00 PM,76,35,41
07/04/2014 02:00:00 PM,73,46,27
07/04/2014 03:00:00 PM,83,48,35
07/04/2014 04:00:00 PM,72,36,36
07/04/2014 05:00:00 PM,43,31,12
07/04/2014 06:00:00 PM,32,15,17
07/04/2014 07:00:00 PM,17,3,14
07/04/2014 08:00:00 PM,10,4,6
07/04/2014 09:00:00 PM,15,6,9
07/04/2014 10:00:00 PM,12,7,5
07/04/2014 11:00:00 PM,14,10,4
07/05/2014 12:00:00 AM,17,14,3
07/05/2014 01:00:00 AM,8,6,2
07/05/2014 02:00:00 AM,4,4,0
07/05/2014 03:00:00 AM,3,2,1
07/05/2014 04:00:00 AM,3,0,3
07/05/2014 05:00:00 AM,6,1,5
07/05/2014 06:00:00 AM,7,1,6
07/05/2014 07:00:00 AM,17,3,14
07/05/2014 08:00:00 AM,28,13,15
07/05/2014 09:00:00 AM,45,22,23
07/05/2014 10:00:00 AM,48,19,29
07/05/2014 11:00:00 AM,45,26,19
07/05/2014 12:00:00 PM,67,45,22
07/05/2014 01:00:00 PM,69,32,37
07/05/2014 02:00:00 PM,57,25,32
07/05/2014 03:00:00 PM,38,21,17
07/05/2014 04:00:00 PM,43,19,24
07/05/2014 05:00:00 PM,25,17,8
07/05/2014 06:00:00 PM,36,13,23
07/05/2014 07:00:00 PM,24,14,10
07/05/2014 08:00:00 PM,17,9,8
07/05/2014 09:00:00 PM,5,2,3
07/05/2014 10:00:00 PM,5,1,4
07/05/2014 11:00:00 PM,4,1,3
07/06/2014 12:00:00 AM,4,4,0
07/06/2014 01:00:00 AM,2,2,0
07/06/2014 02:00:00 AM,3,1,2
07/06/2014 03:00:00 AM,1,1,0
07/06/2014 04:00:00 AM,1,0,1
07/06/2014 05:00:00 AM,3,0,3
07/06/2014 06:00:00 AM,9,3,6
07/06/2014 07:00:00 AM,11,3,8
07/06/2014 08:00:00 AM,44,23,21
07/06/2014 09:00:00 AM,41,23,18
07/06/2014 10:00:00 AM,80,35,45
07/06/2014 11:00:00 AM,68,36,32
07/06/2014 12:00:00 PM,119,59,60
07/06/2014 01:00:00 PM,101,55,46
07/06/2014 02:00:00 PM,114,54,60
07/06/2014 03:00:00 PM,75,40,35
07/06/2014 04:00:00 PM,85,54,31
07/06/2014 05:00:00 PM,82,45,37
07/06/2014 06:00:00 PM,38,19,19
07/06/2014 07:00:00 PM,53,29,24
07/06/2014 08:00:00 PM,24,10,14
07/06/2014 09:00:00 PM,7,2,5
07/06/2014 10:00:00 PM,11,7,4
07/06/2014 11:00:00 PM,3,2,1
07/07/2014 12:00:00 AM,2,2,0
07/07/2014 01:00:00 AM,2,1,1
07/07/2014 02:00:00 AM,2,1,1
07/07/2014 03:00:00 AM,5,3,2
07/07/2014 04:00:00 AM,3,0,3
07/07/2014 05:00:00 AM,21,5,16
07/07/2014 06:00:00 AM,86,7,79
07/07/2014 07:00:00 AM,152,16,136
07/07/2014 08:00:00 AM,127,10,117
07/07/2014 09:00:00 AM,63,10,53
07/07/2014 10:00:00 AM,30,11,19
07/07/2014 11:00:00 AM,25,9,16
07/07/2014 12:00:00 PM,34,20,14
07/07/2014 01:00:00 PM,30,14,16
07/07/2014 02:00:00 PM,41,21,20
07/07/2014 03:00:00 PM,55,38,17
07/07/2014 04:00:00 PM,111,76,35
07/07/2014 05:00:00 PM,180,150,30
07/07/2014 06:00:00 PM,135,112,23
07/07/2014 07:00:00 PM,83,57,26
07/07/2014 08:00:00 PM,21,16,5
07/07/2014 09:00:00 PM,22,17,5
07/07/2014 10:00:00 PM,9,7,2
07/07/2014 11:00:00 PM,9,7,2
07/08/2014 12:00:00 AM,8,6,2
07/08/2014 01:00:00 AM,3,2,1
07/08/2014 02:00:00 AM,0,0,0
07/08/2014 03:00:00 AM,2,1,1
07/08/2014 04:00:00 AM,6,2,4
07/08/2014 05:00:00 AM,30,5,25
07/08/2014 06:00:00 AM,95,16,79
07/08/2014 07:00:00 AM,175,20,155
07/08/2014 08:00:00 AM,168,13,155
07/08/2014 09:00:00 AM,65,5,60
07/08/2014 10:00:00 AM,46,14,32
07/08/2014 11:00:00 AM,28,12,16
07/08/2014 12:00:00 PM,40,15,25
07/08/2014 01:00:00 PM,41,21,20
07/08/2014 02:00:00 PM,45,20,25
07/08/2014 03:00:00 PM,64,40,24
07/08/2014 04:00:00 PM,125,96,29
07/08/2014 05:00:00 PM,220,184,36
07/08/2014 06:00:00 PM,133,112,21
07/08/2014 07:00:00 PM,85,59,26
07/08/2014 08:00:00 PM,52,38,14
07/08/2014 09:00:00 PM,24,18,6
07/08/2014 10:00:00 PM,28,16,12
07/08/2014 11:00:00 PM,8,3,5
07/09/2014 12:00:00 AM,5,3,2
07/09/2014 01:00:00 AM,3,1,2
07/09/2014 02:00:00 AM,6,4,2
07/09/2014 03:00:00 AM,3,1,2
07/09/2014 04:00:00 AM,5,1,4
07/09/2014 05:00:00 AM,37,5,32
07/09/2014 06:00:00 AM,87,8,79
07/09/2014 07:00:00 AM,172,20,152
07/09/2014 08:00:00 AM,151,16,135
07/09/2014 09:00:00 AM,53,9,44
07/09/2014 10:00:00 AM,46,9,37
07/09/2014 11:00:00 AM,35,9,26
07/09/2014 12:00:00 PM,44,21,23
07/09/2014 01:00:00 PM,38,16,22
07/09/2014 02:00:00 PM,39,27,12
07/09/2014 03:00:00 PM,48,35,13
07/09/2014 04:00:00 PM,117,86,31
07/09/2014 05:00:00 PM,199,165,34
07/09/2014 06:00:00 PM,155,131,24
07/09/2014 07:00:00 PM,73,51,22
07/09/2014 08:00:00 PM,51,36,15
07/09/2014 09:00:00 PM,41,25,16
07/09/2014 10:00:00 PM,18,8,10
07/09/2014 11:00:00 PM,16,12,4
07/10/2014 12:00:00 AM,14,9,5
07/10/2014 01:00:00 AM,1,1,0
07/10/2014 02:00:00 AM,6,4,2
07/10/2014 03:00:00 AM,3,2,1
07/10/2014 04:00:00 AM,2,1,1
07/10/2014 05:00:00 AM,27,3,24
07/10/2014 06:00:00 AM,97,13,84
07/10/2014 07:00:00 AM,156,23,133
07/10/2014 08:00:00 AM,144,13,131
07/10/2014 09:00:00 AM,54,6,48
07/10/2014 10:00:00 AM,42,15,27
07/10/2014 11:00:00 AM,34,12,22
07/10/2014 12:00:00 PM,34,17,17
07/10/2014 01:00:00 PM,33,12,21
07/10/2014 02:00:00 PM,42,29,13
07/10/2014 03:00:00 PM,46,33,13
07/10/2014 04:00:00 PM,93,71,22
07/10/2014 05:00:00 PM,182,147,35
07/10/2014 06:00:00 PM,134,113,21
07/10/2014 07:00:00 PM,61,45,16
07/10/2014 08:00:00 PM,54,36,18
07/10/2014 09:00:00 PM,39,30,9
07/10/2014 10:00:00 PM,12,10,2
07/10/2014 11:00:00 PM,6,3,3
07/11/2014 12:00:00 AM,3,2,1
07/11/2014 01:00:00 AM,5,5,0
07/11/2014 02:00:00 AM,1,1,0
07/11/2014 03:00:00 AM,3,0,3
07/11/2014 04:00:00 AM,8,3,5
07/11/2014 05:00:00 AM,29,5,24
07/11/2014 06:00:00 AM,80,14,66
07/11/2014 07:00:00 AM,134,14,120
07/11/2014 08:00:00 AM,105,8,97
07/11/2014 09:00:00 AM,71,14,57
07/11/2014 10:00:00 AM,36,11,25
07/11/2014 11:00:00 AM,32,11,21
07/11/2014 12:00:00 PM,35,17,18
07/11/2014 01:00:00 PM,52,17,35
07/11/2014 02:00:00 PM,48,25,23
07/11/2014 03:00:00 PM,72,52,20
07/11/2014 04:00:00 PM,109,82,27
07/11/2014 05:00:00 PM,144,128,16
07/11/2014 06:00:00 PM,102,82,20
07/11/2014 07:00:00 PM,54,36,18
07/11/2014 08:00:00 PM,28,16,12
07/11/2014 09:00:00 PM,16,6,10
07/11/2014 10:00:00 PM,22,10,12
07/11/2014 11:00:00 PM,8,6,2
07/12/2014 12:00:00 AM,3,2,1
07/12/2014 01:00:00 AM,5,2,3
07/12/2014 02:00:00 AM,2,1,1
07/12/2014 03:00:00 AM,4,1,3
07/12/2014 04:00:00 AM,11,1,10
07/12/2014 05:00:00 AM,16,1,15
07/12/2014 06:00:00 AM,19,5,14
07/12/2014 07:00:00 AM,32,16,16
07/12/2014 08:00:00 AM,50,33,17
07/12/2014 09:00:00 AM,71,20,51
07/12/2014 10:00:00 AM,59,33,26
07/12/2014 11:00:00 AM,71,40,31
07/12/2014 12:00:00 PM,59,31,28
07/12/2014 01:00:00 PM,60,29,31
07/12/2014 02:00:00 PM,70,33,37
07/12/2014 03:00:00 PM,58,35,23
07/12/2014 04:00:00 PM,58,35,23
07/12/2014 05:00:00 PM,53,26,27
07/12/2014 06:00:00 PM,36,25,11
07/12/2014 07:00:00 PM,49,24,25
07/12/2014 08:00:00 PM,27,13,14
07/12/2014 09:00:00 PM,26,16,10
07/12/2014 10:00:00 PM,10,4,6
07/12/2014 11:00:00 PM,24,8,16
07/13/2014 12:00:00 AM,13,3,10
07/13/2014 01:00:00 AM,11,7,4
07/13/2014 02:00:00 AM,5,3,2
07/13/2014 03:00:00 AM,1,0,1
07/13/2014 04:00:00 AM,3,2,1
07/13/2014 05:00:00 AM,1,1,0
07/13/2014 06:00:00 AM,18,5,13
07/13/2014 07:00:00 AM,28,9,19
07/13/2014 08:00:00 AM,52,28,24
07/13/2014 09:00:00 AM,63,27,36
07/13/2014 10:00:00 AM,77,32,45
07/13/2014 11:00:00 AM,52,33,19
07/13/2014 12:00:00 PM,66,29,37
07/13/2014 01:00:00 PM,36,17,19
07/13/2014 02:00:00 PM,38,23,15
07/13/2014 03:00:00 PM,60,26,34
07/13/2014 04:00:00 PM,46,23,23
07/13/2014 05:00:00 PM,46,21,25
07/13/2014 06:00:00 PM,33,13,20
07/13/2014 07:00:00 PM,37,20,17
07/13/2014 08:00:00 PM,14,5,9
07/13/2014 09:00:00 PM,9,5,4
07/13/2014 10:00:00 PM,18,15,3
07/13/2014 11:00:00 PM,9,5,4
07/14/2014 12:00:00 AM,3,1,2
07/14/2014 01:00:00 AM,2,1,1
07/14/2014 02:00:00 AM,1,0,1
07/14/2014 03:00:00 AM,1,1,0
07/14/2014 04:00:00 AM,6,1,5
07/14/2014 05:00:00 AM,22,6,16
07/14/2014 06:00:00 AM,77,7,70
07/14/2014 07:00:00 AM,161,15,146
07/14/2014 08:00:00 AM,140,14,126
07/14/2014 09:00:00 AM,65,9,56
07/14/2014 10:00:00 AM,41,18,23
07/14/2014 11:00:00 AM,31,12,19
07/14/2014 12:00:00 PM,29,12,17
07/14/2014 01:00:00 PM,29,10,19
07/14/2014 02:00:00 PM,37,22,15
07/14/2014 03:00:00 PM,35,20,15
07/14/2014 04:00:00 PM,109,82,27
07/14/2014 05:00:00 PM,209,177,32
07/14/2014 06:00:00 PM,133,119,14
07/14/2014 07:00:00 PM,63,45,18
07/14/2014 08:00:00 PM,35,20,15
07/14/2014 09:00:00 PM,21,12,9
07/14/2014 10:00:00 PM,9,4,5
07/14/2014 11:00:00 PM,9,6,3
07/15/2014 12:00:00 AM,3,3,0
07/15/2014 01:00:00 AM,2,2,0
07/15/2014 02:00:00 AM,2,2,0
07/15/2014 03:00:00 AM,3,0,3
07/15/2014 04:00:00 AM,4,2,2
07/15/2014 05:00:00 AM,38,7,31
07/15/2014 06:00:00 AM,88,13,75
07/15/2014 07:00:00 AM,154,14,140
07/15/2014 08:00:00 AM,155,15,140
07/15/2014 09:00:00 AM,59,9,50
07/15/2014 10:00:00 AM,30,10,20
07/15/2014 11:00:00 AM,41,20,21
07/15/2014 12:00:00 PM,28,14,14
07/15/2014 01:00:00 PM,31,15,16
07/15/2014 02:00:00 PM,30,16,14
07/15/2014 03:00:00 PM,42,32,10
07/15/2014 04:00:00 PM,101,79,22
07/15/2014 05:00:00 PM,203,174,29
07/15/2014 06:00:00 PM,161,130,31
07/15/2014 07:00:00 PM,73,51,22
07/15/2014 08:00:00 PM,46,32,14
07/15/2014 09:00:00 PM,25,15,10
07/15/2014 10:00:00 PM,15,11,4
07/15/2014 11:00:00 PM,9,7,2
07/16/2014 12:00:00 AM,1,1,0
07/16/2014 01:00:00 AM,2,1,1
07/16/2014 02:00:00 AM,0,0,0
07/16/2014 03:00:00 AM,0,0,0
07/16/2014 04:00:00 AM,7,1,6
07/16/2014 05:00:00 AM,24,4,20
07/16/2014 06:00:00 AM,82,15,67
07/16/2014 07:00:00 AM,186,20,166
07/16/2014 08:00:00 AM,151,8,143
07/16/2014 09:00:00 AM,68,7,61
07/16/2014 10:00:00 AM,34,14,20
07/16/2014 11:00:00 AM,32,16,16
07/16/2014 12:00:00 PM,45,23,22
07/16/2014 01:00:00 PM,27,15,12
07/16/2014 02:00:00 PM,39,23,16
07/16/2014 03:00:00 PM,50,37,13
07/16/2014 04:00:00 PM,108,84,24
07/16/2014 05:00:00 PM,210,177,33
07/16/2014 06:00:00 PM,132,114,18
07/16/2014 07:00:00 PM,90,71,19
07/16/2014 08:00:00 PM,51,32,19
07/16/2014 09:00:00 PM,27,17,10
07/16/2014 10:00:00 PM,23,13,10
07/16/2014 11:00:00 PM,15,5,10
07/17/2014 12:00:00 AM,2,2,0
07/17/2014 01:00:00 AM,4,2,2
07/17/2014 02:00:00 AM,4,2,2
07/17/2014 03:00:00 AM,3,1,2
07/17/2014 04:00:00 AM,10,2,8
07/17/2014 05:00:00 AM,22,3,19
07/17/2014 06:00:00 AM,90,12,78
07/17/2014 07:00:00 AM,146,16,130
07/17/2014 08:00:00 AM,138,15,123
07/17/2014 09:00:00 AM,57,4,53
07/17/2014 10:00:00 AM,25,6,19
07/17/2014 11:00:00 AM,21,10,11
07/17/2014 12:00:00 PM,30,12,18
07/17/2014 01:00:00 PM,41,20,21
07/17/2014 02:00:00 PM,24,19,5
07/17/2014 03:00:00 PM,47,33,14
07/17/2014 04:00:00 PM,101,74,27
07/17/2014 05:00:00 PM,178,149,29
07/17/2014 06:00:00 PM,144,105,39
07/17/2014 07:00:00 PM,72,54,18
07/17/2014 08:00:00 PM,62,40,22
07/17/2014 09:00:00 PM,24,11,13
07/17/2014 10:00:00 PM,17,10,7
07/17/2014 11:00:00 PM,5,2,3
07/18/2014 12:00:00 AM,6,3,3
07/18/2014 01:00:00 AM,8,5,3
07/18/2014 02:00:00 AM,1,0,1
07/18/2014 03:00:00 AM,2,0,2
07/18/2014 04:00:00 AM,6,1,5
07/18/2014 05:00:00 AM,24,6,18
07/18/2014 06:00:00 AM,67,9,58
07/18/2014 07:00:00 AM,132,14,118
07/18/2014 08:00:00 AM,113,11,102
07/18/2014 09:00:00 AM,54,14,40
07/18/2014 10:00:00 AM,42,15,27
07/18/2014 11:00:00 AM,43,14,29
07/18/2014 12:00:00 PM,48,25,23
07/18/2014 01:00:00 PM,30,16,14
07/18/2014 02:00:00 PM,52,29,23
07/18/2014 03:00:00 PM,63,45,18
07/18/2014 04:00:00 PM,102,77,25
07/18/2014 05:00:00 PM,143,117,26
07/18/2014 06:00:00 PM,78,64,14
07/18/2014 07:00:00 PM,45,36,9
07/18/2014 08:00:00 PM,33,20,13
07/18/2014 09:00:00 PM,19,11,8
07/18/2014 10:00:00 PM,7,5,2
07/18/2014 11:00:00 PM,3,2,1
07/19/2014 12:00:00 AM,12,5,7
07/19/2014 01:00:00 AM,1,1,0
07/19/2014 02:00:00 AM,1,0,1
07/19/2014 03:00:00 AM,2,1,1
07/19/2014 04:00:00 AM,2,2,0
07/19/2014 05:00:00 AM,7,2,5
07/19/2014 06:00:00 AM,9,3,6
07/19/2014 07:00:00 AM,18,4,14
07/19/2014 08:00:00 AM,25,12,13
07/19/2014 09:00:00 AM,44,21,23
07/19/2014 10:00:00 AM,40,17,23
07/19/2014 11:00:00 AM,48,21,27
07/19/2014 12:00:00 PM,42,17,25
07/19/2014 01:00:00 PM,52,25,27
07/19/2014 02:00:00 PM,62,34,28
07/19/2014 03:00:00 PM,57,34,23
07/19/2014 04:00:00 PM,51,28,23
07/19/2014 05:00:00 PM,51,26,25
07/19/2014 06:00:00 PM,41,16,25
07/19/2014 07:00:00 PM,23,15,8
07/19/2014 08:00:00 PM,27,20,7
07/19/2014 09:00:00 PM,9,2,7
07/19/2014 10:00:00 PM,7,4,3
07/19/2014 11:00:00 PM,2,2,0
07/20/2014 12:00:00 AM,2,2,0
07/20/2014 01:00:00 AM,4,3,1
07/20/2014 02:00:00 AM,2,2,0
07/20/2014 03:00:00 AM,0,0,0
07/20/2014 04:00:00 AM,2,1,1
07/20/2014 05:00:00 AM,6,0,6
07/20/2014 06:00:00 AM,14,3,11
07/20/2014 07:00:00 AM,4,1,3
07/20/2014 08:00:00 AM,36,18,18
07/20/2014 09:00:00 AM,26,10,16
07/20/2014 10:00:00 AM,35,17,18
07/20/2014 11:00:00 AM,55,30,25
07/20/2014 12:00:00 PM,58,28,30
07/20/2014 01:00:00 PM,53,31,22
07/20/2014 02:00:00 PM,64,23,41
07/20/2014 03:00:00 PM,70,34,36
07/20/2014 04:00:00 PM,47,23,24
07/20/2014 05:00:00 PM,36,19,17
07/20/2014 06:00:00 PM,24,19,5
07/20/2014 07:00:00 PM,21,14,7
07/20/2014 08:00:00 PM,15,9,6
07/20/2014 09:00:00 PM,6,3,3
07/20/2014 10:00:00 PM,4,2,2
07/20/2014 11:00:00 PM,1,1,0
07/21/2014 12:00:00 AM,5,1,4
07/21/2014 01:00:00 AM,1,1,0
07/21/2014 02:00:00 AM,2,2,0
07/21/2014 03:00:00 AM,1,0,1
07/21/2014 04:00:00 AM,5,1,4
07/21/2014 05:00:00 AM,33,4,29
07/21/2014 06:00:00 AM,81,9,72
07/21/2014 07:00:00 AM,144,13,131
07/21/2014 08:00:00 AM,145,11,134
07/21/2014 09:00:00 AM,64,8,56
07/21/2014 10:00:00 AM,26,7,19
07/21/2014 11:00:00 AM,30,15,15
07/21/2014 12:00:00 PM,27,13,14
07/21/2014 01:00:00 PM,48,21,27
07/21/2014 02:00:00 PM,38,25,13
07/21/2014 03:00:00 PM,57,39,18
07/21/2014 04:00:00 PM,107,79,28
07/21/2014 05:00:00 PM,200,157,43
07/21/2014 06:00:00 PM,181,155,26
07/21/2014 07:00:00 PM,68,47,21
07/21/2014 08:00:00 PM,79,54,25
07/21/2014 09:00:00 PM,20,10,10
07/21/2014 10:00:00 PM,17,13,4
07/21/2014 11:00:00 PM,10,5,5
07/22/2014 12:00:00 AM,5,4,1
07/22/2014 01:00:00 AM,4,2,2
07/22/2014 02:00:00 AM,3,2,1
07/22/2014 03:00:00 AM,4,1,3
07/22/2014 04:00:00 AM,7,3,4
07/22/2014 05:00:00 AM,38,5,33
07/22/2014 06:00:00 AM,92,6,86
07/22/2014 07:00:00 AM,161,19,142
07/22/2014 08:00:00 AM,154,14,140
07/22/2014 09:00:00 AM,68,8,60
07/22/2014 10:00:00 AM,24,3,21
07/22/2014 11:00:00 AM,24,7,17
07/22/2014 12:00:00 PM,28,13,15
07/22/2014 01:00:00 PM,33,15,18
07/22/2014 02:00:00 PM,36,23,13
07/22/2014 03:00:00 PM,59,41,18
07/22/2014 04:00:00 PM,99,80,19
07/22/2014 05:00:00 PM,205,168,37
07/22/2014 06:00:00 PM,151,128,23
07/22/2014 07:00:00 PM,64,54,10
07/22/2014 08:00:00 PM,25,18,7
07/22/2014 09:00:00 PM,16,7,9
07/22/2014 10:00:00 PM,17,11,6
07/22/2014 11:00:00 PM,8,8,0
07/23/2014 12:00:00 AM,3,3,0
07/23/2014 01:00:00 AM,1,1,0
07/23/2014 02:00:00 AM,1,0,1
07/23/2014 03:00:00 AM,3,1,2
07/23/2014 04:00:00 AM,5,2,3
07/23/2014 05:00:00 AM,22,3,19
07/23/2014 06:00:00 AM,69,7,62
07/23/2014 07:00:00 AM,74,9,65
07/23/2014 08:00:00 AM,75,7,68
07/23/2014 09:00:00 AM,36,1,35
07/23/2014 10:00:00 AM,8,2,6
07/23/2014 11:00:00 AM,6,0,6
07/23/2014 12:00:00 PM,10,5,5
07/23/2014 01:00:00 PM,13,5,8
07/23/2014 02:00:00 PM,11,10,1
07/23/2014 03:00:00 PM,16,14,2
07/23/2014 04:00:00 PM,41,34,7
07/23/2014 05:00:00 PM,90,72,18
07/23/2014 06:00:00 PM,63,58,5
07/23/2014 07:00:00 PM,42,32,10
07/23/2014 08:00:00 PM,20,8,12
07/23/2014 09:00:00 PM,2,2,0
07/23/2014 10:00:00 PM,4,4,0
07/23/2014 11:00:00 PM,3,2,1
07/24/2014 12:00:00 AM,1,0,1
07/24/2014 01:00:00 AM,0,0,0
07/24/2014 02:00:00 AM,5,3,2
07/24/2014 03:00:00 AM,1,0,1
07/24/2014 04:00:00 AM,4,0,4
07/24/2014 05:00:00 AM,24,3,21
07/24/2014 06:00:00 AM,58,7,51
07/24/2014 07:00:00 AM,111,15,96
07/24/2014 08:00:00 AM,104,10,94
07/24/2014 09:00:00 AM,36,3,33
07/24/2014 10:00:00 AM,24,1,23
07/24/2014 11:00:00 AM,17,6,11
07/24/2014 12:00:00 PM,23,6,17
07/24/2014 01:00:00 PM,34,20,14
07/24/2014 02:00:00 PM,26,15,11
07/24/2014 03:00:00 PM,40,31,9
07/24/2014 04:00:00 PM,76,57,19
07/24/2014 05:00:00 PM,150,126,24
07/24/2014 06:00:00 PM,90,74,16
07/24/2014 07:00:00 PM,38,27,11
07/24/2014 08:00:00 PM,23,15,8
07/24/2014 09:00:00 PM,12,7,5
07/24/2014 10:00:00 PM,15,11,4
07/24/2014 11:00:00 PM,6,2,4
07/25/2014 12:00:00 AM,6,0,6
07/25/2014 01:00:00 AM,6,3,3
07/25/2014 02:00:00 AM,12,1,11
07/25/2014 03:00:00 AM,2,0,2
07/25/2014 04:00:00 AM,7,0,7
07/25/2014 05:00:00 AM,31,6,25
07/25/2014 06:00:00 AM,63,7,56
07/25/2014 07:00:00 AM,107,17,90
07/25/2014 08:00:00 AM,115,15,100
07/25/2014 09:00:00 AM,74,14,60
07/25/2014 10:00:00 AM,65,12,53
07/25/2014 11:00:00 AM,31,8,23
07/25/2014 12:00:00 PM,32,19,13
07/25/2014 01:00:00 PM,41,23,18
07/25/2014 02:00:00 PM,60,45,15
07/25/2014 03:00:00 PM,59,42,17
07/25/2014 04:00:00 PM,108,85,23
07/25/2014 05:00:00 PM,162,128,34
07/25/2014 06:00:00 PM,108,86,22
07/25/2014 07:00:00 PM,58,41,17
07/25/2014 08:00:00 PM,39,19,20
07/25/2014 09:00:00 PM,8,4,4
07/25/2014 10:00:00 PM,9,7,2
07/25/2014 11:00:00 PM,16,11,5
07/26/2014 12:00:00 AM,6,6,0
07/26/2014 01:00:00 AM,6,4,2
07/26/2014 02:00:00 AM,1,0,1
07/26/2014 03:00:00 AM,2,2,0
07/26/2014 04:00:00 AM,1,0,1
07/26/2014 05:00:00 AM,4,0,4
07/26/2014 06:00:00 AM,19,8,11
07/26/2014 07:00:00 AM,29,11,18
07/26/2014 08:00:00 AM,52,18,34
07/26/2014 09:00:00 AM,55,34,21
07/26/2014 10:00:00 AM,60,25,35
07/26/2014 11:00:00 AM,83,37,46
07/26/2014 12:00:00 PM,96,52,44
07/26/2014 01:00:00 PM,69,37,32
07/26/2014 02:00:00 PM,85,41,44
07/26/2014 03:00:00 PM,105,71,34
07/26/2014 04:00:00 PM,75,39,36
07/26/2014 05:00:00 PM,59,30,29
07/26/2014 06:00:00 PM,60,34,26
07/26/2014 07:00:00 PM,45,20,25
07/26/2014 08:00:00 PM,27,13,14
07/26/2014 09:00:00 PM,16,6,10
07/26/2014 10:00:00 PM,11,4,7
07/26/2014 11:00:00 PM,14,6,8
07/27/2014 12:00:00 AM,7,3,4
07/27/2014 01:00:00 AM,6,4,2
07/27/2014 02:00:00 AM,4,1,3
07/27/2014 03:00:00 AM,1,1,0
07/27/2014 04:00:00 AM,3,2,1
07/27/2014 05:00:00 AM,7,0,7
07/27/2014 06:00:00 AM,5,0,5
07/27/2014 07:00:00 AM,14,3,11
07/27/2014 08:00:00 AM,21,12,9
07/27/2014 09:00:00 AM,65,31,34
07/27/2014 10:00:00 AM,72,24,48
07/27/2014 11:00:00 AM,80,39,41
07/27/2014 12:00:00 PM,83,38,45
07/27/2014 01:00:00 PM,92,59,33
07/27/2014 02:00:00 PM,83,50,33
07/27/2014 03:00:00 PM,84,40,44
07/27/2014 04:00:00 PM,75,44,31
07/27/2014 05:00:00 PM,80,37,43
07/27/2014 06:00:00 PM,63,35,28
07/27/2014 07:00:00 PM,38,17,21
07/27/2014 08:00:00 PM,31,18,13
07/27/2014 09:00:00 PM,25,7,18
07/27/2014 10:00:00 PM,12,7,5
07/27/2014 11:00:00 PM,10,2,8
07/28/2014 12:00:00 AM,5,4,1
07/28/2014 01:00:00 AM,2,2,0
07/28/2014 02:00:00 AM,2,1,1
07/28/2014 03:00:00 AM,4,2,2
07/28/2014 04:00:00 AM,4,1,3
07/28/2014 05:00:00 AM,26,5,21
07/28/2014 06:00:00 AM,78,13,65
07/28/2014 07:00:00 AM,176,19,157
07/28/2014 08:00:00 AM,146,14,132
07/28/2014 09:00:00 AM,70,7,63
07/28/2014 10:00:00 AM,42,12,30
07/28/2014 11:00:00 AM,27,15,12
07/28/2014 12:00:00 PM,43,18,25
07/28/2014 01:00:00 PM,30,14,16
07/28/2014 02:00:00 PM,51,33,18
07/28/2014 03:00:00 PM,57,30,27
07/28/2014 04:00:00 PM,107,79,28
07/28/2014 05:00:00 PM,200,170,30
07/28/2014 06:00:00 PM,161,129,32
07/28/2014 07:00:00 PM,91,67,24
07/28/2014 08:00:00 PM,34,20,14
07/28/2014 09:00:00 PM,37,28,9
07/28/2014 10:00:00 PM,16,9,7
07/28/2014 11:00:00 PM,7,6,1
07/29/2014 12:00:00 AM,1,1,0
07/29/2014 01:00:00 AM,5,4,1
07/29/2014 02:00:00 AM,3,2,1
07/29/2014 03:00:00 AM,2,1,1
07/29/2014 04:00:00 AM,7,3,4
07/29/2014 05:00:00 AM,38,7,31
07/29/2014 06:00:00 AM,92,8,84
07/29/2014 07:00:00 AM,176,24,152
07/29/2014 08:00:00 AM,173,22,151
07/29/2014 09:00:00 AM,78,9,69
07/29/2014 10:00:00 AM,39,12,27
07/29/2014 11:00:00 AM,37,16,21
07/29/2014 12:00:00 PM,38,22,16
07/29/2014 01:00:00 PM,52,24,28
07/29/2014 02:00:00 PM,42,25,17
07/29/2014 03:00:00 PM,49,31,18
07/29/2014 04:00:00 PM,114,83,31
07/29/2014 05:00:00 PM,247,207,40
07/29/2014 06:00:00 PM,159,133,26
07/29/2014 07:00:00 PM,76,59,17
07/29/2014 08:00:00 PM,57,38,19
07/29/2014 09:00:00 PM,16,8,8
07/29/2014 10:00:00 PM,12,8,4
07/29/2014 11:00:00 PM,9,6,3
07/30/2014 12:00:00 AM,6,5,1
07/30/2014 01:00:00 AM,3,2,1
07/30/2014 02:00:00 AM,4,3,1
07/30/2014 03:00:00 AM,4,1,3
07/30/2014 04:00:00 AM,6,2,4
07/30/2014 05:00:00 AM,35,11,24
07/30/2014 06:00:00 AM,87,10,77
07/30/2014 07:00:00 AM,175,21,154
07/30/2014 08:00:00 AM,169,20,149
07/30/2014 09:00:00 AM,72,11,61
07/30/2014 10:00:00 AM,46,13,33
07/30/2014 11:00:00 AM,35,13,22
07/30/2014 12:00:00 PM,35,15,20
07/30/2014 01:00:00 PM,43,20,23
07/30/2014 02:00:00 PM,51,27,24
07/30/2014 03:00:00 PM,53,35,18
07/30/2014 04:00:00 PM,119,90,29
07/30/2014 05:00:00 PM,212,181,31
07/30/2014 06:00:00 PM,146,119,27
07/30/2014 07:00:00 PM,73,57,16
07/30/2014 08:00:00 PM,62,41,21
07/30/2014 09:00:00 PM,28,12,16
07/30/2014 10:00:00 PM,19,14,5
07/30/2014 11:00:00 PM,9,6,3
07/31/2014 12:00:00 AM,5,2,3
07/31/2014 01:00:00 AM,2,1,1
07/31/2014 02:00:00 AM,4,2,2
07/31/2014 03:00:00 AM,3,2,1
07/31/2014 04:00:00 AM,5,2,3
07/31/2014 05:00:00 AM,32,6,26
07/31/2014 06:00:00 AM,36,13,23
07/31/2014 07:00:00 AM,160,14,146
07/31/2014 08:00:00 AM,152,19,133
07/31/2014 09:00:00 AM,70,9,61
07/31/2014 10:00:00 AM,35,16,19
07/31/2014 11:00:00 AM,30,7,23
07/31/2014 12:00:00 PM,45,15,30
07/31/2014 01:00:00 PM,26,13,13
07/31/2014 02:00:00 PM,43,23,20
07/31/2014 03:00:00 PM,55,33,22
07/31/2014 04:00:00 PM,91,70,21
07/31/2014 05:00:00 PM,186,164,22
07/31/2014 06:00:00 PM,130,112,18
07/31/2014 07:00:00 PM,88,55,33
07/31/2014 08:00:00 PM,49,33,16
07/31/2014 09:00:00 PM,14,8,6
07/31/2014 10:00:00 PM,18,14,4
07/31/2014 11:00:00 PM,10,6,4
08/01/2014 12:00:00 AM,5,1,4
08/01/2014 01:00:00 AM,3,1,2
08/01/2014 02:00:00 AM,7,3,4
08/01/2014 03:00:00 AM,2,2,0
08/01/2014 04:00:00 AM,3,0,3
08/01/2014 05:00:00 AM,26,4,22
08/01/2014 06:00:00 AM,69,7,62
08/01/2014 07:00:00 AM,142,17,125
08/01/2014 08:00:00 AM,132,15,117
08/01/2014 09:00:00 AM,60,6,54
08/01/2014 10:00:00 AM,39,16,23
08/01/2014 11:00:00 AM,26,10,16
08/01/2014 12:00:00 PM,41,12,29
08/01/2014 01:00:00 PM,38,23,15
08/01/2014 02:00:00 PM,38,25,13
08/01/2014 03:00:00 PM,65,49,16
08/01/2014 04:00:00 PM,123,87,36
08/01/2014 05:00:00 PM,178,136,42
08/01/2014 06:00:00 PM,179,158,21
08/01/2014 07:00:00 PM,59,40,19
08/01/2014 08:00:00 PM,30,25,5
08/01/2014 09:00:00 PM,21,14,7
08/01/2014 10:00:00 PM,16,9,7
08/01/2014 11:00:00 PM,15,8,7
08/02/2014 12:00:00 AM,17,15,2
08/02/2014 01:00:00 AM,9,9,0
08/02/2014 02:00:00 AM,11,7,4
08/02/2014 03:00:00 AM,7,3,4
08/02/2014 04:00:00 AM,4,3,1
08/02/2014 05:00:00 AM,4,1,3
08/02/2014 06:00:00 AM,15,1,14
08/02/2014 07:00:00 AM,14,4,10
08/02/2014 08:00:00 AM,43,19,24
08/02/2014 09:00:00 AM,37,16,21
08/02/2014 10:00:00 AM,66,35,31
08/02/2014 11:00:00 AM,68,44,24
08/02/2014 12:00:00 PM,77,22,55
08/02/2014 01:00:00 PM,67,26,41
08/02/2014 02:00:00 PM,66,27,39
08/02/2014 03:00:00 PM,72,35,37
08/02/2014 04:00:00 PM,72,43,29
08/02/2014 05:00:00 PM,49,24,25
08/02/2014 06:00:00 PM,55,29,26
08/02/2014 07:00:00 PM,20,11,9
08/02/2014 08:00:00 PM,23,4,19
08/02/2014 09:00:00 PM,5,3,2
08/02/2014 10:00:00 PM,6,3,3
08/02/2014 11:00:00 PM,11,7,4
08/03/2014 12:00:00 AM,7,4,3
08/03/2014 01:00:00 AM,6,5,1
08/03/2014 02:00:00 AM,1,1,0
08/03/2014 03:00:00 AM,2,2,0
08/03/2014 04:00:00 AM,1,0,1
08/03/2014 05:00:00 AM,3,0,3
08/03/2014 06:00:00 AM,10,2,8
08/03/2014 07:00:00 AM,11,4,7
08/03/2014 08:00:00 AM,29,7,22
08/03/2014 09:00:00 AM,36,16,20
08/03/2014 10:00:00 AM,64,31,33
08/03/2014 11:00:00 AM,94,38,56
08/03/2014 12:00:00 PM,92,44,48
08/03/2014 01:00:00 PM,96,49,47
08/03/2014 02:00:00 PM,54,29,25
08/03/2014 03:00:00 PM,98,55,43
08/03/2014 04:00:00 PM,79,48,31
08/03/2014 05:00:00 PM,65,42,23
08/03/2014 06:00:00 PM,53,26,27
08/03/2014 07:00:00 PM,38,15,23
08/03/2014 08:00:00 PM,16,9,7
08/03/2014 09:00:00 PM,9,3,6
08/03/2014 10:00:00 PM,5,3,2
08/03/2014 11:00:00 PM,3,1,2
08/04/2014 12:00:00 AM,1,0,1
08/04/2014 01:00:00 AM,2,1,1
08/04/2014 02:00:00 AM,2,1,1
08/04/2014 03:00:00 AM,3,1,2
08/04/2014 04:00:00 AM,3,2,1
08/04/2014 05:00:00 AM,24,5,19
08/04/2014 06:00:00 AM,84,11,73
08/04/2014 07:00:00 AM,152,13,139
08/04/2014 08:00:00 AM,134,9,125
08/04/2014 09:00:00 AM,73,13,60
08/04/2014 10:00:00 AM,26,8,18
08/04/2014 11:00:00 AM,27,17,10
08/04/2014 12:00:00 PM,23,11,12
08/04/2014 01:00:00 PM,32,16,16
08/04/2014 02:00:00 PM,18,6,12
08/04/2014 03:00:00 PM,58,45,13
08/04/2014 04:00:00 PM,91,69,22
08/04/2014 05:00:00 PM,210,166,44
08/04/2014 06:00:00 PM,131,108,23
08/04/2014 07:00:00 PM,70,54,16
08/04/2014 08:00:00 PM,39,25,14
08/04/2014 09:00:00 PM,25,16,9
08/04/2014 10:00:00 PM,11,9,2
08/04/2014 11:00:00 PM,7,5,2
08/05/2014 12:00:00 AM,3,3,0
08/05/2014 01:00:00 AM,2,1,1
08/05/2014 02:00:00 AM,0,0,0
08/05/2014 03:00:00 AM,1,0,1
08/05/2014 04:00:00 AM,3,2,1
08/05/2014 05:00:00 AM,30,5,25
08/05/2014 06:00:00 AM,87,12,75
08/05/2014 07:00:00 AM,172,21,151
08/05/2014 08:00:00 AM,141,13,128
08/05/2014 09:00:00 AM,71,7,64
08/05/2014 10:00:00 AM,33,5,28
08/05/2014 11:00:00 AM,29,15,14
08/05/2014 12:00:00 PM,29,14,15
08/05/2014 01:00:00 PM,33,14,19
08/05/2014 02:00:00 PM,36,18,18
08/05/2014 03:00:00 PM,49,33,16
08/05/2014 04:00:00 PM,114,91,23
08/05/2014 05:00:00 PM,204,172,32
08/05/2014 06:00:00 PM,138,111,27
08/05/2014 07:00:00 PM,69,52,17
08/05/2014 08:00:00 PM,46,28,18
08/05/2014 09:00:00 PM,18,14,4
08/05/2014 10:00:00 PM,10,7,3
08/05/2014 11:00:00 PM,11,10,1
08/06/2014 12:00:00 AM,2,1,1
08/06/2014 01:00:00 AM,3,2,1
08/06/2014 02:00:00 AM,0,0,0
08/06/2014 03:00:00 AM,1,0,1
08/06/2014 04:00:00 AM,2,1,1
08/06/2014 05:00:00 AM,24,4,20
08/06/2014 06:00:00 AM,74,8,66
08/06/2014 07:00:00 AM,155,14,141
08/06/2014 08:00:00 AM,154,18,136
08/06/2014 09:00:00 AM,75,10,65
08/06/2014 10:00:00 AM,27,8,19
08/06/2014 11:00:00 AM,43,10,33
08/06/2014 12:00:00 PM,31,11,20
08/06/2014 01:00:00 PM,50,32,18
08/06/2014 02:00:00 PM,38,24,14
08/06/2014 03:00:00 PM,56,36,20
08/06/2014 04:00:00 PM,122,93,29
08/06/2014 05:00:00 PM,190,159,31
08/06/2014 06:00:00 PM,147,122,25
08/06/2014 07:00:00 PM,85,61,24
08/06/2014 08:00:00 PM,63,42,21
08/06/2014 09:00:00 PM,16,10,6
08/06/2014 10:00:00 PM,11,6,5
08/06/2014 11:00:00 PM,8,7,1
08/07/2014 12:00:00 AM,3,3,0
08/07/2014 01:00:00 AM,2,1,1
08/07/2014 02:00:00 AM,0,0,0
08/07/2014 03:00:00 AM,4,2,2
08/07/2014 04:00:00 AM,3,0,3
08/07/2014 05:00:00 AM,29,4,25
08/07/2014 06:00:00 AM,75,6,69
08/07/2014 07:00:00 AM,167,20,147
08/07/2014 08:00:00 AM,116,10,106
08/07/2014 09:00:00 AM,82,11,71
08/07/2014 10:00:00 AM,42,10,32
08/07/2014 11:00:00 AM,17,8,9
08/07/2014 12:00:00 PM,30,12,18
08/07/2014 01:00:00 PM,34,17,17
08/07/2014 02:00:00 PM,45,30,15
08/07/2014 03:00:00 PM,56,43,13
08/07/2014 04:00:00 PM,100,64,36
08/07/2014 05:00:00 PM,196,170,26
08/07/2014 06:00:00 PM,145,112,33
08/07/2014 07:00:00 PM,63,42,21
08/07/2014 08:00:00 PM,51,33,18
08/07/2014 09:00:00 PM,20,15,5
08/07/2014 10:00:00 PM,14,10,4
08/07/2014 11:00:00 PM,8,4,4
08/08/2014 12:00:00 AM,5,3,2
08/08/2014 01:00:00 AM,2,2,0
08/08/2014 02:00:00 AM,5,3,2
08/08/2014 03:00:00 AM,2,1,1
08/08/2014 04:00:00 AM,4,2,2
08/08/2014 05:00:00 AM,30,6,24
08/08/2014 06:00:00 AM,59,7,52
08/08/2014 07:00:00 AM,132,21,111
08/08/2014 08:00:00 AM,116,12,104
08/08/2014 09:00:00 AM,56,9,47
08/08/2014 10:00:00 AM,33,13,20
08/08/2014 11:00:00 AM,28,13,15
08/08/2014 12:00:00 PM,35,13,22
08/08/2014 01:00:00 PM,39,19,20
08/08/2014 02:00:00 PM,56,26,30
08/08/2014 03:00:00 PM,59,48,11
08/08/2014 04:00:00 PM,107,76,31
08/08/2014 05:00:00 PM,148,119,29
08/08/2014 06:00:00 PM,84,62,22
08/08/2014 07:00:00 PM,54,41,13
08/08/2014 08:00:00 PM,28,20,8
08/08/2014 09:00:00 PM,15,11,4
08/08/2014 10:00:00 PM,10,7,3
08/08/2014 11:00:00 PM,8,5,3
08/09/2014 12:00:00 AM,5,4,1
08/09/2014 01:00:00 AM,0,0,0
08/09/2014 02:00:00 AM,0,0,0
08/09/2014 03:00:00 AM,2,2,0
08/09/2014 04:00:00 AM,2,0,2
08/09/2014 05:00:00 AM,3,0,3
08/09/2014 06:00:00 AM,10,2,8
08/09/2014 07:00:00 AM,22,6,16
08/09/2014 08:00:00 AM,38,18,20
08/09/2014 09:00:00 AM,49,26,23
08/09/2014 10:00:00 AM,62,37,25
08/09/2014 11:00:00 AM,64,31,33
08/09/2014 12:00:00 PM,82,37,45
08/09/2014 01:00:00 PM,89,40,49
08/09/2014 02:00:00 PM,49,23,26
08/09/2014 03:00:00 PM,61,29,32
08/09/2014 04:00:00 PM,63,31,32
08/09/2014 05:00:00 PM,54,26,28
08/09/2014 06:00:00 PM,40,21,19
08/09/2014 07:00:00 PM,36,22,14
08/09/2014 08:00:00 PM,19,11,8
08/09/2014 09:00:00 PM,22,12,10
08/09/2014 10:00:00 PM,9,5,4
08/09/2014 11:00:00 PM,7,3,4
08/10/2014 12:00:00 AM,6,4,2
08/10/2014 01:00:00 AM,6,4,2
08/10/2014 02:00:00 AM,2,2,0
08/10/2014 03:00:00 AM,1,0,1
08/10/2014 04:00:00 AM,2,2,0
08/10/2014 05:00:00 AM,3,0,3
08/10/2014 06:00:00 AM,13,8,5
08/10/2014 07:00:00 AM,22,4,18
08/10/2014 08:00:00 AM,24,10,14
08/10/2014 09:00:00 AM,43,20,23
08/10/2014 10:00:00 AM,80,36,44
08/10/2014 11:00:00 AM,121,37,84
08/10/2014 12:00:00 PM,111,39,72
08/10/2014 01:00:00 PM,102,42,60
08/10/2014 02:00:00 PM,58,33,25
08/10/2014 03:00:00 PM,93,51,42
08/10/2014 04:00:00 PM,58,27,31
08/10/2014 05:00:00 PM,72,35,37
08/10/2014 06:00:00 PM,35,16,19
08/10/2014 07:00:00 PM,33,12,21
08/10/2014 08:00:00 PM,19,11,8
08/10/2014 09:00:00 PM,17,10,7
08/10/2014 10:00:00 PM,13,9,4
08/10/2014 11:00:00 PM,6,6,0
08/11/2014 12:00:00 AM,0,0,0
08/11/2014 01:00:00 AM,3,2,1
08/11/2014 02:00:00 AM,1,0,1
08/11/2014 03:00:00 AM,3,1,2
08/11/2014 04:00:00 AM,1,0,1
08/11/2014 05:00:00 AM,31,6,25
08/11/2014 06:00:00 AM,72,18,54
08/11/2014 07:00:00 AM,160,18,142
08/11/2014 08:00:00 AM,139,13,126
08/11/2014 09:00:00 AM,49,8,41
08/11/2014 10:00:00 AM,30,7,23
08/11/2014 11:00:00 AM,23,11,12
08/11/2014 12:00:00 PM,33,17,16
08/11/2014 01:00:00 PM,20,6,14
08/11/2014 02:00:00 PM,32,16,16
08/11/2014 03:00:00 PM,54,40,14
08/11/2014 04:00:00 PM,90,65,25
08/11/2014 05:00:00 PM,177,151,26
08/11/2014 06:00:00 PM,131,109,22
08/11/2014 07:00:00 PM,52,41,11
08/11/2014 08:00:00 PM,33,24,9
08/11/2014 09:00:00 PM,17,14,3
08/11/2014 10:00:00 PM,12,6,6
08/11/2014 11:00:00 PM,2,2,0
08/12/2014 12:00:00 AM,2,2,0
08/12/2014 01:00:00 AM,1,0,1
08/12/2014 02:00:00 AM,2,2,0
08/12/2014 03:00:00 AM,2,0,2
08/12/2014 04:00:00 AM,1,0,1
08/12/2014 05:00:00 AM,35,2,33
08/12/2014 06:00:00 AM,69,9,60
08/12/2014 07:00:00 AM,138,17,121
08/12/2014 08:00:00 AM,114,11,103
08/12/2014 09:00:00 AM,45,6,39
08/12/2014 10:00:00 AM,12,3,9
08/12/2014 11:00:00 AM,11,1,10
08/12/2014 12:00:00 PM,22,12,10
08/12/2014 01:00:00 PM,22,7,15
08/12/2014 02:00:00 PM,35,22,13
08/12/2014 03:00:00 PM,40,28,12
08/12/2014 04:00:00 PM,83,72,11
08/12/2014 05:00:00 PM,156,128,28
08/12/2014 06:00:00 PM,105,91,14
08/12/2014 07:00:00 PM,38,27,11
08/12/2014 08:00:00 PM,27,17,10
08/12/2014 09:00:00 PM,8,5,3
08/12/2014 10:00:00 PM,7,6,1
08/12/2014 11:00:00 PM,3,2,1
08/13/2014 12:00:00 AM,1,1,0
08/13/2014 01:00:00 AM,3,3,0
08/13/2014 02:00:00 AM,1,0,1
08/13/2014 03:00:00 AM,0,0,0
08/13/2014 04:00:00 AM,2,1,1
08/13/2014 05:00:00 AM,15,4,11
08/13/2014 06:00:00 AM,38,5,33
08/13/2014 07:00:00 AM,90,15,75
08/13/2014 08:00:00 AM,97,11,86
08/13/2014 09:00:00 AM,45,8,37
08/13/2014 10:00:00 AM,12,1,11
08/13/2014 11:00:00 AM,15,7,8
08/13/2014 12:00:00 PM,16,7,9
08/13/2014 01:00:00 PM,19,7,12
08/13/2014 02:00:00 PM,18,8,10
08/13/2014 03:00:00 PM,35,23,12
08/13/2014 04:00:00 PM,56,39,17
08/13/2014 05:00:00 PM,115,98,17
08/13/2014 06:00:00 PM,98,82,16
08/13/2014 07:00:00 PM,39,31,8
08/13/2014 08:00:00 PM,27,17,10
08/13/2014 09:00:00 PM,12,9,3
08/13/2014 10:00:00 PM,11,8,3
08/13/2014 11:00:00 PM,5,4,1
08/14/2014 12:00:00 AM,6,4,2
08/14/2014 01:00:00 AM,4,3,1
08/14/2014 02:00:00 AM,1,0,1
08/14/2014 03:00:00 AM,2,0,2
08/14/2014 04:00:00 AM,2,0,2
08/14/2014 05:00:00 AM,26,5,21
08/14/2014 06:00:00 AM,65,8,57
08/14/2014 07:00:00 AM,141,24,117
08/14/2014 08:00:00 AM,122,15,107
08/14/2014 09:00:00 AM,58,9,49
08/14/2014 10:00:00 AM,27,8,19
08/14/2014 11:00:00 AM,21,8,13
08/14/2014 12:00:00 PM,29,11,18
08/14/2014 01:00:00 PM,28,15,13
08/14/2014 02:00:00 PM,24,14,10
08/14/2014 03:00:00 PM,34,21,13
08/14/2014 04:00:00 PM,86,69,17
08/14/2014 05:00:00 PM,141,123,18
08/14/2014 06:00:00 PM,112,97,15
08/14/2014 07:00:00 PM,51,39,12
08/14/2014 08:00:00 PM,33,18,15
08/14/2014 09:00:00 PM,7,7,0
08/14/2014 10:00:00 PM,12,7,5
08/14/2014 11:00:00 PM,11,4,7
08/15/2014 12:00:00 AM,4,4,0
08/15/2014 01:00:00 AM,2,1,1
08/15/2014 02:00:00 AM,2,0,2
08/15/2014 03:00:00 AM,2,0,2
08/15/2014 04:00:00 AM,4,2,2
08/15/2014 05:00:00 AM,25,5,20
08/15/2014 06:00:00 AM,49,7,42
08/15/2014 07:00:00 AM,86,14,72
08/15/2014 08:00:00 AM,80,8,72
08/15/2014 09:00:00 AM,51,8,43
08/15/2014 10:00:00 AM,21,4,17
08/15/2014 11:00:00 AM,18,10,8
08/15/2014 12:00:00 PM,15,6,9
08/15/2014 01:00:00 PM,25,8,17
08/15/2014 02:00:00 PM,35,22,13
08/15/2014 03:00:00 PM,45,23,22
08/15/2014 04:00:00 PM,80,62,18
08/15/2014 05:00:00 PM,107,82,25
08/15/2014 06:00:00 PM,68,51,17
08/15/2014 07:00:00 PM,42,32,10
08/15/2014 08:00:00 PM,17,12,5
08/15/2014 09:00:00 PM,15,13,2
08/15/2014 10:00:00 PM,12,9,3
08/15/2014 11:00:00 PM,12,11,1
08/16/2014 12:00:00 AM,4,1,3
08/16/2014 01:00:00 AM,4,4,0
08/16/2014 02:00:00 AM,2,1,1
08/16/2014 03:00:00 AM,0,0,0
08/16/2014 04:00:00 AM,0,0,0
08/16/2014 05:00:00 AM,5,0,5
08/16/2014 06:00:00 AM,11,3,8
08/16/2014 07:00:00 AM,16,6,10
08/16/2014 08:00:00 AM,19,8,11
08/16/2014 09:00:00 AM,53,25,28
08/16/2014 10:00:00 AM,44,23,21
08/16/2014 11:00:00 AM,68,30,38
08/16/2014 12:00:00 PM,52,25,27
08/16/2014 01:00:00 PM,77,37,40
08/16/2014 02:00:00 PM,66,32,34
08/16/2014 03:00:00 PM,54,39,15
08/16/2014 04:00:00 PM,53,27,26
08/16/2014 05:00:00 PM,59,33,26
08/16/2014 06:00:00 PM,30,21,9
08/16/2014 07:00:00 PM,31,20,11
08/16/2014 08:00:00 PM,31,7,24
08/16/2014 09:00:00 PM,10,6,4
08/16/2014 10:00:00 PM,2,1,1
08/16/2014 11:00:00 PM,12,4,8
08/17/2014 12:00:00 AM,7,5,2
08/17/2014 01:00:00 AM,8,5,3
08/17/2014 02:00:00 AM,3,3,0
08/17/2014 03:00:00 AM,2,1,1
08/17/2014 04:00:00 AM,2,2,0
08/17/2014 05:00:00 AM,4,0,4
08/17/2014 06:00:00 AM,7,1,6
08/17/2014 07:00:00 AM,17,5,12
08/17/2014 08:00:00 AM,21,2,19
08/17/2014 09:00:00 AM,39,19,20
08/17/2014 10:00:00 AM,31,18,13
08/17/2014 11:00:00 AM,49,20,29
08/17/2014 12:00:00 PM,61,37,24
08/17/2014 01:00:00 PM,61,30,31
08/17/2014 02:00:00 PM,74,31,43
08/17/2014 03:00:00 PM,66,31,35
08/17/2014 04:00:00 PM,47,26,21
08/17/2014 05:00:00 PM,72,36,36
08/17/2014 06:00:00 PM,48,19,29
08/17/2014 07:00:00 PM,28,15,13
08/17/2014 08:00:00 PM,25,10,15
08/17/2014 09:00:00 PM,8,8,0
08/17/2014 10:00:00 PM,12,9,3
08/17/2014 11:00:00 PM,3,2,1
08/18/2014 12:00:00 AM,3,2,1
08/18/2014 01:00:00 AM,2,2,0
08/18/2014 02:00:00 AM,1,0,1
08/18/2014 03:00:00 AM,4,3,1
08/18/2014 04:00:00 AM,2,0,2
08/18/2014 05:00:00 AM,33,6,27
08/18/2014 06:00:00 AM,73,8,65
08/18/2014 07:00:00 AM,148,22,126
08/18/2014 08:00:00 AM,142,16,126
08/18/2014 09:00:00 AM,66,11,55
08/18/2014 10:00:00 AM,36,11,25
08/18/2014 11:00:00 AM,26,11,15
08/18/2014 12:00:00 PM,43,24,19
08/18/2014 01:00:00 PM,35,18,17
08/18/2014 02:00:00 PM,44,23,21
08/18/2014 03:00:00 PM,42,30,12
08/18/2014 04:00:00 PM,104,80,24
08/18/2014 05:00:00 PM,194,172,22
08/18/2014 06:00:00 PM,150,130,20
08/18/2014 07:00:00 PM,95,59,36
08/18/2014 08:00:00 PM,33,18,15
08/18/2014 09:00:00 PM,11,7,4
08/18/2014 10:00:00 PM,7,6,1
08/18/2014 11:00:00 PM,5,3,2
08/19/2014 12:00:00 AM,6,6,0
08/19/2014 01:00:00 AM,2,2,0
08/19/2014 02:00:00 AM,5,3,2
08/19/2014 03:00:00 AM,1,0,1
08/19/2014 04:00:00 AM,3,2,1
08/19/2014 05:00:00 AM,23,4,19
08/19/2014 06:00:00 AM,86,10,76
08/19/2014 07:00:00 AM,197,18,179
08/19/2014 08:00:00 AM,166,19,147
08/19/2014 09:00:00 AM,58,9,49
08/19/2014 10:00:00 AM,26,4,22
08/19/2014 11:00:00 AM,26,7,19
08/19/2014 12:00:00 PM,26,15,11
08/19/2014 01:00:00 PM,37,15,22
08/19/2014 02:00:00 PM,33,20,13
08/19/2014 03:00:00 PM,66,44,22
08/19/2014 04:00:00 PM,114,86,28
08/19/2014 05:00:00 PM,198,161,37
08/19/2014 06:00:00 PM,144,123,21
08/19/2014 07:00:00 PM,64,45,19
08/19/2014 08:00:00 PM,41,25,16
08/19/2014 09:00:00 PM,17,11,6
08/19/2014 10:00:00 PM,6,5,1
08/19/2014 11:00:00 PM,4,4,0
08/20/2014 12:00:00 AM,8,7,1
08/20/2014 01:00:00 AM,1,1,0
08/20/2014 02:00:00 AM,3,2,1
08/20/2014 03:00:00 AM,4,2,2
08/20/2014 04:00:00 AM,7,1,6
08/20/2014 05:00:00 AM,27,5,22
08/20/2014 06:00:00 AM,76,4,72
08/20/2014 07:00:00 AM,127,16,111
08/20/2014 08:00:00 AM,168,16,152
08/20/2014 09:00:00 AM,73,13,60
08/20/2014 10:00:00 AM,25,5,20
08/20/2014 11:00:00 AM,32,12,20
08/20/2014 12:00:00 PM,28,15,13
08/20/2014 01:00:00 PM,32,12,20
08/20/2014 02:00:00 PM,24,16,8
08/20/2014 03:00:00 PM,48,34,14
08/20/2014 04:00:00 PM,100,81,19
08/20/2014 05:00:00 PM,177,153,24
08/20/2014 06:00:00 PM,132,113,19
08/20/2014 07:00:00 PM,54,40,14
08/20/2014 08:00:00 PM,38,23,15
08/20/2014 09:00:00 PM,21,19,2
08/20/2014 10:00:00 PM,11,5,6
08/20/2014 11:00:00 PM,6,5,1
08/21/2014 12:00:00 AM,7,4,3
08/21/2014 01:00:00 AM,4,3,1
08/21/2014 02:00:00 AM,3,1,2
08/21/2014 03:00:00 AM,0,0,0
08/21/2014 04:00:00 AM,3,1,2
08/21/2014 05:00:00 AM,28,5,23
08/21/2014 06:00:00 AM,66,10,56
08/21/2014 07:00:00 AM,143,14,129
08/21/2014 08:00:00 AM,133,19,114
08/21/2014 09:00:00 AM,52,5,47
08/21/2014 10:00:00 AM,20,4,16
08/21/2014 11:00:00 AM,21,7,14
08/21/2014 12:00:00 PM,31,17,14
08/21/2014 01:00:00 PM,34,17,17
08/21/2014 02:00:00 PM,19,10,9
08/21/2014 03:00:00 PM,44,28,16
08/21/2014 04:00:00 PM,100,69,31
08/21/2014 05:00:00 PM,147,132,15
08/21/2014 06:00:00 PM,136,107,29
08/21/2014 07:00:00 PM,118,106,12
08/21/2014 08:00:00 PM,32,17,15
08/21/2014 09:00:00 PM,24,9,15
08/21/2014 10:00:00 PM,17,3,14
08/21/2014 11:00:00 PM,16,5,11
08/22/2014 12:00:00 AM,15,8,7
08/22/2014 01:00:00 AM,21,1,20
08/22/2014 02:00:00 AM,1,0,1
08/22/2014 03:00:00 AM,0,0,0
08/22/2014 04:00:00 AM,7,3,4
08/22/2014 05:00:00 AM,20,6,14
08/22/2014 06:00:00 AM,54,9,45
08/22/2014 07:00:00 AM,124,23,101
08/22/2014 08:00:00 AM,108,9,99
08/22/2014 09:00:00 AM,58,11,47
08/22/2014 10:00:00 AM,30,8,22
08/22/2014 11:00:00 AM,39,18,21
08/22/2014 12:00:00 PM,38,13,25
08/22/2014 01:00:00 PM,27,15,12
08/22/2014 02:00:00 PM,47,28,19
08/22/2014 03:00:00 PM,69,48,21
08/22/2014 04:00:00 PM,123,87,36
08/22/2014 05:00:00 PM,141,103,38
08/22/2014 06:00:00 PM,79,61,18
08/22/2014 07:00:00 PM,35,26,9
08/22/2014 08:00:00 PM,25,14,11
08/22/2014 09:00:00 PM,12,8,4
08/22/2014 10:00:00 PM,17,15,2
08/22/2014 11:00:00 PM,12,7,5
08/23/2014 12:00:00 AM,10,6,4
08/23/2014 01:00:00 AM,5,4,1
08/23/2014 02:00:00 AM,4,3,1
08/23/2014 03:00:00 AM,2,1,1
08/23/2014 04:00:00 AM,2,1,1
08/23/2014 05:00:00 AM,3,0,3
08/23/2014 06:00:00 AM,19,4,15
08/23/2014 07:00:00 AM,23,11,12
08/23/2014 08:00:00 AM,50,23,27
08/23/2014 09:00:00 AM,46,19,27
08/23/2014 10:00:00 AM,77,33,44
08/23/2014 11:00:00 AM,135,93,42
08/23/2014 12:00:00 PM,138,40,98
08/23/2014 01:00:00 PM,70,37,33
08/23/2014 02:00:00 PM,82,46,36
08/23/2014 03:00:00 PM,91,41,50
08/23/2014 04:00:00 PM,60,30,30
08/23/2014 05:00:00 PM,66,37,29
08/23/2014 06:00:00 PM,66,39,27
08/23/2014 07:00:00 PM,36,18,18
08/23/2014 08:00:00 PM,28,14,14
08/23/2014 09:00:00 PM,16,9,7
08/23/2014 10:00:00 PM,9,3,6
08/23/2014 11:00:00 PM,11,7,4
08/24/2014 12:00:00 AM,4,2,2
08/24/2014 01:00:00 AM,4,4,0
08/24/2014 02:00:00 AM,1,1,0
08/24/2014 03:00:00 AM,6,3,3
08/24/2014 04:00:00 AM,2,1,1
08/24/2014 05:00:00 AM,2,0,2
08/24/2014 06:00:00 AM,6,3,3
08/24/2014 07:00:00 AM,26,10,16
08/24/2014 08:00:00 AM,27,9,18
08/24/2014 09:00:00 AM,65,40,25
08/24/2014 10:00:00 AM,58,21,37
08/24/2014 11:00:00 AM,64,36,28
08/24/2014 12:00:00 PM,62,26,36
08/24/2014 01:00:00 PM,78,39,39
08/24/2014 02:00:00 PM,67,35,32
08/24/2014 03:00:00 PM,67,31,36
08/24/2014 04:00:00 PM,78,51,27
08/24/2014 05:00:00 PM,63,30,33
08/24/2014 06:00:00 PM,50,27,23
08/24/2014 07:00:00 PM,35,19,16
08/24/2014 08:00:00 PM,28,10,18
08/24/2014 09:00:00 PM,11,5,6
08/24/2014 10:00:00 PM,6,4,2
08/24/2014 11:00:00 PM,5,3,2
08/25/2014 12:00:00 AM,2,1,1
08/25/2014 01:00:00 AM,2,1,1
08/25/2014 02:00:00 AM,4,2,2
08/25/2014 03:00:00 AM,0,0,0
08/25/2014 04:00:00 AM,5,4,1
08/25/2014 05:00:00 AM,31,4,27
08/25/2014 06:00:00 AM,76,9,67
08/25/2014 07:00:00 AM,193,20,173
08/25/2014 08:00:00 AM,177,20,157
08/25/2014 09:00:00 AM,87,10,77
08/25/2014 10:00:00 AM,50,13,37
08/25/2014 11:00:00 AM,25,12,13
08/25/2014 12:00:00 PM,30,13,17
08/25/2014 01:00:00 PM,32,15,17
08/25/2014 02:00:00 PM,44,27,17
08/25/2014 03:00:00 PM,53,36,17
08/25/2014 04:00:00 PM,119,91,28
08/25/2014 05:00:00 PM,244,206,38
08/25/2014 06:00:00 PM,183,157,26
08/25/2014 07:00:00 PM,72,53,19
08/25/2014 08:00:00 PM,31,19,12
08/25/2014 09:00:00 PM,19,13,6
08/25/2014 10:00:00 PM,17,15,2
08/25/2014 11:00:00 PM,10,7,3
08/26/2014 12:00:00 AM,4,4,0
08/26/2014 01:00:00 AM,3,1,2
08/26/2014 02:00:00 AM,2,1,1
08/26/2014 03:00:00 AM,0,0,0
08/26/2014 04:00:00 AM,6,2,4
08/26/2014 05:00:00 AM,34,9,25
08/26/2014 06:00:00 AM,92,16,76
08/26/2014 07:00:00 AM,194,16,178
08/26/2014 08:00:00 AM,168,24,144
08/26/2014 09:00:00 AM,80,13,67
08/26/2014 10:00:00 AM,34,13,21
08/26/2014 11:00:00 AM,35,11,24
08/26/2014 12:00:00 PM,30,12,18
08/26/2014 01:00:00 PM,27,17,10
08/26/2014 02:00:00 PM,28,15,13
08/26/2014 03:00:00 PM,75,53,22
08/26/2014 04:00:00 PM,112,81,31
08/26/2014 05:00:00 PM,242,201,41
08/26/2014 06:00:00 PM,167,140,27
08/26/2014 07:00:00 PM,59,49,10
08/26/2014 08:00:00 PM,35,24,11
08/26/2014 09:00:00 PM,8,5,3
08/26/2014 10:00:00 PM,13,11,2
08/26/2014 11:00:00 PM,11,11,0
08/27/2014 12:00:00 AM,5,4,1
08/27/2014 01:00:00 AM,2,2,0
08/27/2014 02:00:00 AM,4,1,3
08/27/2014 03:00:00 AM,0,0,0
08/27/2014 04:00:00 AM,10,4,6
08/27/2014 05:00:00 AM,24,5,19
08/27/2014 06:00:00 AM,80,10,70
08/27/2014 07:00:00 AM,143,18,125
08/27/2014 08:00:00 AM,173,18,155
08/27/2014 09:00:00 AM,68,8,60
08/27/2014 10:00:00 AM,39,13,26
08/27/2014 11:00:00 AM,27,5,22
08/27/2014 12:00:00 PM,51,34,17
08/27/2014 01:00:00 PM,36,20,16
08/27/2014 02:00:00 PM,39,21,18
08/27/2014 03:00:00 PM,63,39,24
08/27/2014 04:00:00 PM,106,80,26
08/27/2014 05:00:00 PM,199,167,32
08/27/2014 06:00:00 PM,138,122,16
08/27/2014 07:00:00 PM,93,74,19
08/27/2014 08:00:00 PM,43,25,18
08/27/2014 09:00:00 PM,29,20,9
08/27/2014 10:00:00 PM,9,4,5
08/27/2014 11:00:00 PM,11,6,5
08/28/2014 12:00:00 AM,5,2,3
08/28/2014 01:00:00 AM,1,0,1
08/28/2014 02:00:00 AM,4,3,1
08/28/2014 03:00:00 AM,0,0,0
08/28/2014 04:00:00 AM,4,0,4
08/28/2014 05:00:00 AM,27,9,18
08/28/2014 06:00:00 AM,67,12,55
08/28/2014 07:00:00 AM,142,17,125
08/28/2014 08:00:00 AM,132,13,119
08/28/2014 09:00:00 AM,59,7,52
08/28/2014 10:00:00 AM,28,6,22
08/28/2014 11:00:00 AM,22,6,16
08/28/2014 12:00:00 PM,28,10,18
08/28/2014 01:00:00 PM,19,7,12
08/28/2014 02:00:00 PM,32,16,16
08/28/2014 03:00:00 PM,39,25,14
08/28/2014 04:00:00 PM,96,70,26
08/28/2014 05:00:00 PM,179,141,38
08/28/2014 06:00:00 PM,110,94,16
08/28/2014 07:00:00 PM,68,55,13
08/28/2014 08:00:00 PM,37,27,10
08/28/2014 09:00:00 PM,16,12,4
08/28/2014 10:00:00 PM,6,4,2
08/28/2014 11:00:00 PM,14,11,3
08/29/2014 12:00:00 AM,2,2,0
08/29/2014 01:00:00 AM,1,1,0
08/29/2014 02:00:00 AM,1,0,1
08/29/2014 03:00:00 AM,0,0,0
08/29/2014 04:00:00 AM,2,0,2
08/29/2014 05:00:00 AM,17,2,15
08/29/2014 06:00:00 AM,47,3,44
08/29/2014 07:00:00 AM,114,13,101
08/29/2014 08:00:00 AM,92,7,85
08/29/2014 09:00:00 AM,54,12,42
08/29/2014 10:00:00 AM,33,7,26
08/29/2014 11:00:00 AM,22,9,13
08/29/2014 12:00:00 PM,22,12,10
08/29/2014 01:00:00 PM,21,12,9
08/29/2014 02:00:00 PM,30,18,12
08/29/2014 03:00:00 PM,40,26,14
08/29/2014 04:00:00 PM,82,67,15
08/29/2014 05:00:00 PM,117,98,19
08/29/2014 06:00:00 PM,83,68,15
08/29/2014 07:00:00 PM,40,32,8
08/29/2014 08:00:00 PM,22,18,4
08/29/2014 09:00:00 PM,11,8,3
08/29/2014 10:00:00 PM,7,4,3
08/29/2014 11:00:00 PM,6,5,1
08/30/2014 12:00:00 AM,5,4,1
08/30/2014 01:00:00 AM,4,2,2
08/30/2014 02:00:00 AM,0,0,0
08/30/2014 03:00:00 AM,1,1,0
08/30/2014 04:00:00 AM,1,1,0
08/30/2014 05:00:00 AM,4,1,3
08/30/2014 06:00:00 AM,4,2,2
08/30/2014 07:00:00 AM,5,1,4
08/30/2014 08:00:00 AM,23,6,17
08/30/2014 09:00:00 AM,17,6,11
08/30/2014 10:00:00 AM,14,6,8
08/30/2014 11:00:00 AM,17,11,6
08/30/2014 12:00:00 PM,16,9,7
08/30/2014 01:00:00 PM,15,9,6
08/30/2014 02:00:00 PM,14,5,9
08/30/2014 03:00:00 PM,19,9,10
08/30/2014 04:00:00 PM,14,9,5
08/30/2014 05:00:00 PM,10,4,6
08/30/2014 06:00:00 PM,16,8,8
08/30/2014 07:00:00 PM,5,2,3
08/30/2014 08:00:00 PM,5,2,3
08/30/2014 09:00:00 PM,4,4,0
08/30/2014 10:00:00 PM,3,2,1
08/30/2014 11:00:00 PM,9,7,2
08/31/2014 12:00:00 AM,0,0,0
08/31/2014 01:00:00 AM,5,4,1
08/31/2014 02:00:00 AM,1,1,0
08/31/2014 03:00:00 AM,1,0,1
08/31/2014 04:00:00 AM,2,2,0
08/31/2014 05:00:00 AM,0,0,0
08/31/2014 06:00:00 AM,3,0,3
08/31/2014 07:00:00 AM,4,3,1
08/31/2014 08:00:00 AM,6,1,5
08/31/2014 09:00:00 AM,25,13,12
08/31/2014 10:00:00 AM,48,22,26
08/31/2014 11:00:00 AM,47,17,30
08/31/2014 12:00:00 PM,31,17,14
08/31/2014 01:00:00 PM,49,10,39
08/31/2014 02:00:00 PM,39,20,19
08/31/2014 03:00:00 PM,62,32,30
08/31/2014 04:00:00 PM,50,32,18
08/31/2014 05:00:00 PM,38,18,20
08/31/2014 06:00:00 PM,26,15,11
08/31/2014 07:00:00 PM,14,8,6
08/31/2014 08:00:00 PM,11,7,4
08/31/2014 09:00:00 PM,6,2,4
08/31/2014 10:00:00 PM,5,4,1
08/31/2014 11:00:00 PM,5,2,3
09/01/2014 12:00:00 AM,0,0,0
09/01/2014 01:00:00 AM,1,1,0
09/01/2014 02:00:00 AM,0,0,0
09/01/2014 03:00:00 AM,3,0,3
09/01/2014 04:00:00 AM,1,1,0
09/01/2014 05:00:00 AM,3,2,1
09/01/2014 06:00:00 AM,8,3,5
09/01/2014 07:00:00 AM,12,1,11
09/01/2014 08:00:00 AM,26,9,17
09/01/2014 09:00:00 AM,87,79,8
09/01/2014 10:00:00 AM,33,11,22
09/01/2014 11:00:00 AM,62,33,29
09/01/2014 12:00:00 PM,75,36,39
09/01/2014 01:00:00 PM,70,28,42
09/01/2014 02:00:00 PM,86,50,36
09/01/2014 03:00:00 PM,94,45,49
09/01/2014 04:00:00 PM,81,48,33
09/01/2014 05:00:00 PM,59,31,28
09/01/2014 06:00:00 PM,37,21,16
09/01/2014 07:00:00 PM,17,7,10
09/01/2014 08:00:00 PM,15,8,7
09/01/2014 09:00:00 PM,8,2,6
09/01/2014 10:00:00 PM,2,1,1
09/01/2014 11:00:00 PM,3,1,2
09/02/2014 12:00:00 AM,5,3,2
09/02/2014 01:00:00 AM,2,2,0
09/02/2014 02:00:00 AM,5,2,3
09/02/2014 03:00:00 AM,2,1,1
09/02/2014 04:00:00 AM,3,1,2
09/02/2014 05:00:00 AM,16,2,14
09/02/2014 06:00:00 AM,52,6,46
09/02/2014 07:00:00 AM,135,14,121
09/02/2014 08:00:00 AM,126,12,114
09/02/2014 09:00:00 AM,57,7,50
09/02/2014 10:00:00 AM,20,3,17
09/02/2014 11:00:00 AM,29,19,10
09/02/2014 12:00:00 PM,26,6,20
09/02/2014 01:00:00 PM,20,11,9
09/02/2014 02:00:00 PM,25,16,9
09/02/2014 03:00:00 PM,29,23,6
09/02/2014 04:00:00 PM,66,53,13
09/02/2014 05:00:00 PM,147,127,20
09/02/2014 06:00:00 PM,110,97,13
09/02/2014 07:00:00 PM,37,29,8
09/02/2014 08:00:00 PM,11,8,3
09/02/2014 09:00:00 PM,6,4,2
09/02/2014 10:00:00 PM,4,2,2
09/02/2014 11:00:00 PM,2,1,1
09/03/2014 12:00:00 AM,1,1,0
09/03/2014 01:00:00 AM,2,1,1
09/03/2014 02:00:00 AM,0,0,0
09/03/2014 03:00:00 AM,4,1,3
09/03/2014 04:00:00 AM,5,2,3
09/03/2014 05:00:00 AM,20,3,17
09/03/2014 06:00:00 AM,69,13,56
09/03/2014 07:00:00 AM,122,20,102
09/03/2014 08:00:00 AM,123,12,111
09/03/2014 09:00:00 AM,62,11,51
09/03/2014 10:00:00 AM,34,5,29
09/03/2014 11:00:00 AM,20,8,12
09/03/2014 12:00:00 PM,23,11,12
09/03/2014 01:00:00 PM,31,13,18
09/03/2014 02:00:00 PM,34,23,11
09/03/2014 03:00:00 PM,40,27,13
09/03/2014 04:00:00 PM,99,79,20
09/03/2014 05:00:00 PM,166,139,27
09/03/2014 06:00:00 PM,139,124,15
09/03/2014 07:00:00 PM,53,38,15
09/03/2014 08:00:00 PM,35,25,10
09/03/2014 09:00:00 PM,8,6,2
09/03/2014 10:00:00 PM,7,5,2
09/03/2014 11:00:00 PM,10,9,1
09/04/2014 12:00:00 AM,6,4,2
09/04/2014 01:00:00 AM,3,2,1
09/04/2014 02:00:00 AM,1,1,0
09/04/2014 03:00:00 AM,3,1,2
09/04/2014 04:00:00 AM,7,0,7
09/04/2014 05:00:00 AM,33,6,27
09/04/2014 06:00:00 AM,84,14,70
09/04/2014 07:00:00 AM,177,15,162
09/04/2014 08:00:00 AM,163,19,144
09/04/2014 09:00:00 AM,70,5,65
09/04/2014 10:00:00 AM,44,17,27
09/04/2014 11:00:00 AM,40,15,25
09/04/2014 12:00:00 PM,45,23,22
09/04/2014 01:00:00 PM,35,11,24
09/04/2014 02:00:00 PM,45,25,20
09/04/2014 03:00:00 PM,62,41,21
09/04/2014 04:00:00 PM,159,124,35
09/04/2014 05:00:00 PM,237,206,31
09/04/2014 06:00:00 PM,100,87,13
09/04/2014 07:00:00 PM,40,35,5
09/04/2014 08:00:00 PM,17,13,4
09/04/2014 09:00:00 PM,34,20,14
09/04/2014 10:00:00 PM,8,8,0
09/04/2014 11:00:00 PM,9,7,2
09/05/2014 12:00:00 AM,5,5,0
09/05/2014 01:00:00 AM,2,2,0
09/05/2014 02:00:00 AM,2,1,1
09/05/2014 03:00:00 AM,5,2,3
09/05/2014 04:00:00 AM,3,0,3
09/05/2014 05:00:00 AM,19,1,18
09/05/2014 06:00:00 AM,51,5,46
09/05/2014 07:00:00 AM,122,10,112
09/05/2014 08:00:00 AM,138,8,130
09/05/2014 09:00:00 AM,56,16,40
09/05/2014 10:00:00 AM,42,12,30
09/05/2014 11:00:00 AM,23,9,14
09/05/2014 12:00:00 PM,32,19,13
09/05/2014 01:00:00 PM,41,21,20
09/05/2014 02:00:00 PM,40,26,14
09/05/2014 03:00:00 PM,62,37,25
09/05/2014 04:00:00 PM,110,78,32
09/05/2014 05:00:00 PM,127,106,21
09/05/2014 06:00:00 PM,122,97,25
09/05/2014 07:00:00 PM,44,34,10
09/05/2014 08:00:00 PM,23,18,5
09/05/2014 09:00:00 PM,15,8,7
09/05/2014 10:00:00 PM,8,3,5
09/05/2014 11:00:00 PM,8,3,5
09/06/2014 12:00:00 AM,2,2,0
09/06/2014 01:00:00 AM,9,5,4
09/06/2014 02:00:00 AM,3,3,0
09/06/2014 03:00:00 AM,1,1,0
09/06/2014 04:00:00 AM,1,0,1
09/06/2014 05:00:00 AM,4,0,4
09/06/2014 06:00:00 AM,10,3,7
09/06/2014 07:00:00 AM,14,6,8
09/06/2014 08:00:00 AM,36,13,23
09/06/2014 09:00:00 AM,37,13,24
09/06/2014 10:00:00 AM,54,24,30
09/06/2014 11:00:00 AM,58,25,33
09/06/2014 12:00:00 PM,60,33,27
09/06/2014 01:00:00 PM,85,43,42
09/06/2014 02:00:00 PM,73,42,31
09/06/2014 03:00:00 PM,63,34,29
09/06/2014 04:00:00 PM,59,36,23
09/06/2014 05:00:00 PM,41,22,19
09/06/2014 06:00:00 PM,41,27,14
09/06/2014 07:00:00 PM,26,13,13
09/06/2014 08:00:00 PM,18,11,7
09/06/2014 09:00:00 PM,15,6,9
09/06/2014 10:00:00 PM,6,2,4
09/06/2014 11:00:00 PM,8,7,1
09/07/2014 12:00:00 AM,2,1,1
09/07/2014 01:00:00 AM,2,0,2
09/07/2014 02:00:00 AM,4,2,2
09/07/2014 03:00:00 AM,8,6,2
09/07/2014 04:00:00 AM,1,0,1
09/07/2014 05:00:00 AM,6,3,3
09/07/2014 06:00:00 AM,3,1,2
09/07/2014 07:00:00 AM,9,4,5
09/07/2014 08:00:00 AM,21,5,16
09/07/2014 09:00:00 AM,39,13,26
09/07/2014 10:00:00 AM,46,16,30
09/07/2014 11:00:00 AM,58,31,27
09/07/2014 12:00:00 PM,73,40,33
09/07/2014 01:00:00 PM,53,27,26
09/07/2014 02:00:00 PM,66,34,32
09/07/2014 03:00:00 PM,63,35,28
09/07/2014 04:00:00 PM,51,32,19
09/07/2014 05:00:00 PM,46,22,24
09/07/2014 06:00:00 PM,36,19,17
09/07/2014 07:00:00 PM,17,6,11
09/07/2014 08:00:00 PM,12,8,4
09/07/2014 09:00:00 PM,10,4,6
09/07/2014 10:00:00 PM,10,5,5
09/07/2014 11:00:00 PM,7,5,2
09/08/2014 12:00:00 AM,0,0,0
09/08/2014 01:00:00 AM,2,1,1
09/08/2014 02:00:00 AM,5,3,2
09/08/2014 03:00:00 AM,3,1,2
09/08/2014 04:00:00 AM,7,2,5
09/08/2014 05:00:00 AM,25,6,19
09/08/2014 06:00:00 AM,63,7,56
09/08/2014 07:00:00 AM,132,15,117
09/08/2014 08:00:00 AM,117,13,104
09/08/2014 09:00:00 AM,78,4,74
09/08/2014 10:00:00 AM,32,9,23
09/08/2014 11:00:00 AM,19,9,10
09/08/2014 12:00:00 PM,20,10,10
09/08/2014 01:00:00 PM,23,14,9
09/08/2014 02:00:00 PM,22,9,13
09/08/2014 03:00:00 PM,37,26,11
09/08/2014 04:00:00 PM,90,69,21
09/08/2014 05:00:00 PM,187,156,31
09/08/2014 06:00:00 PM,118,104,14
09/08/2014 07:00:00 PM,36,28,8
09/08/2014 08:00:00 PM,12,9,3
09/08/2014 09:00:00 PM,5,2,3
09/08/2014 10:00:00 PM,5,4,1
09/08/2014 11:00:00 PM,8,7,1
09/09/2014 12:00:00 AM,3,2,1
09/09/2014 01:00:00 AM,2,2,0
09/09/2014 02:00:00 AM,2,2,0
09/09/2014 03:00:00 AM,1,1,0
09/09/2014 04:00:00 AM,2,1,1
09/09/2014 05:00:00 AM,24,3,21
09/09/2014 06:00:00 AM,57,11,46
09/09/2014 07:00:00 AM,131,18,113
09/09/2014 08:00:00 AM,116,13,103
09/09/2014 09:00:00 AM,49,0,49
09/09/2014 10:00:00 AM,21,7,14
09/09/2014 11:00:00 AM,22,9,13
09/09/2014 12:00:00 PM,28,13,15
09/09/2014 01:00:00 PM,21,9,12
09/09/2014 02:00:00 PM,27,12,15
09/09/2014 03:00:00 PM,36,25,11
09/09/2014 04:00:00 PM,76,51,25
09/09/2014 05:00:00 PM,178,153,25
09/09/2014 06:00:00 PM,123,103,20
09/09/2014 07:00:00 PM,65,52,13
09/09/2014 08:00:00 PM,23,15,8
09/09/2014 09:00:00 PM,8,5,3
09/09/2014 10:00:00 PM,15,10,5
09/09/2014 11:00:00 PM,2,2,0
09/10/2014 12:00:00 AM,7,4,3
09/10/2014 01:00:00 AM,1,0,1
09/10/2014 02:00:00 AM,5,4,1
09/10/2014 03:00:00 AM,2,0,2
09/10/2014 04:00:00 AM,7,3,4
09/10/2014 05:00:00 AM,20,5,15
09/10/2014 06:00:00 AM,63,8,55
09/10/2014 07:00:00 AM,123,13,110
09/10/2014 08:00:00 AM,123,12,111
09/10/2014 09:00:00 AM,54,7,47
09/10/2014 10:00:00 AM,30,6,24
09/10/2014 11:00:00 AM,19,6,13
09/10/2014 12:00:00 PM,13,4,9
09/10/2014 01:00:00 PM,25,17,8
09/10/2014 02:00:00 PM,25,12,13
09/10/2014 03:00:00 PM,46,31,15
09/10/2014 04:00:00 PM,90,58,32
09/10/2014 05:00:00 PM,155,129,26
09/10/2014 06:00:00 PM,126,99,27
09/10/2014 07:00:00 PM,42,32,10
09/10/2014 08:00:00 PM,24,17,7
09/10/2014 09:00:00 PM,9,7,2
09/10/2014 10:00:00 PM,10,2,8
09/10/2014 11:00:00 PM,9,9,0
09/11/2014 12:00:00 AM,8,8,0
09/11/2014 01:00:00 AM,6,4,2
09/11/2014 02:00:00 AM,2,0,2
09/11/2014 03:00:00 AM,4,1,3
09/11/2014 04:00:00 AM,3,1,2
09/11/2014 05:00:00 AM,21,5,16
09/11/2014 06:00:00 AM,60,14,46
09/11/2014 07:00:00 AM,141,14,127
09/11/2014 08:00:00 AM,129,7,122
09/11/2014 09:00:00 AM,63,3,60
09/11/2014 10:00:00 AM,23,8,15
09/11/2014 11:00:00 AM,18,2,16
09/11/2014 12:00:00 PM,26,14,12
09/11/2014 01:00:00 PM,35,21,14
09/11/2014 02:00:00 PM,25,20,5
09/11/2014 03:00:00 PM,50,34,16
09/11/2014 04:00:00 PM,81,64,17
09/11/2014 05:00:00 PM,177,151,26
09/11/2014 06:00:00 PM,122,108,14
09/11/2014 07:00:00 PM,48,40,8
09/11/2014 08:00:00 PM,25,13,12
09/11/2014 09:00:00 PM,18,8,10
09/11/2014 10:00:00 PM,6,2,4
09/11/2014 11:00:00 PM,4,4,0
09/12/2014 12:00:00 AM,9,6,3
09/12/2014 01:00:00 AM,3,1,2
09/12/2014 02:00:00 AM,5,2,3
09/12/2014 03:00:00 AM,2,1,1
09/12/2014 04:00:00 AM,1,0,1
09/12/2014 05:00:00 AM,19,8,11
09/12/2014 06:00:00 AM,51,8,43
09/12/2014 07:00:00 AM,121,11,110
09/12/2014 08:00:00 AM,118,10,108
09/12/2014 09:00:00 AM,51,9,42
09/12/2014 10:00:00 AM,37,11,26
09/12/2014 11:00:00 AM,20,5,15
09/12/2014 12:00:00 PM,25,12,13
09/12/2014 01:00:00 PM,31,17,14
09/12/2014 02:00:00 PM,31,16,15
09/12/2014 03:00:00 PM,50,28,22
09/12/2014 04:00:00 PM,86,65,21
09/12/2014 05:00:00 PM,146,122,24
09/12/2014 06:00:00 PM,96,71,25
09/12/2014 07:00:00 PM,42,27,15
09/12/2014 08:00:00 PM,12,6,6
09/12/2014 09:00:00 PM,13,10,3
09/12/2014 10:00:00 PM,20,16,4
09/12/2014 11:00:00 PM,5,5,0
09/13/2014 12:00:00 AM,11,9,2
09/13/2014 01:00:00 AM,5,4,1
09/13/2014 02:00:00 AM,3,3,0
09/13/2014 03:00:00 AM,5,4,1
09/13/2014 04:00:00 AM,1,1,0
09/13/2014 05:00:00 AM,2,1,1
09/13/2014 06:00:00 AM,16,6,10
09/13/2014 07:00:00 AM,15,7,8
09/13/2014 08:00:00 AM,14,5,9
09/13/2014 09:00:00 AM,36,15,21
09/13/2014 10:00:00 AM,42,22,20
09/13/2014 11:00:00 AM,41,22,19
09/13/2014 12:00:00 PM,55,28,27
09/13/2014 01:00:00 PM,77,37,40
09/13/2014 02:00:00 PM,47,22,25
09/13/2014 03:00:00 PM,64,33,31
09/13/2014 04:00:00 PM,52,22,30
09/13/2014 05:00:00 PM,52,23,29
09/13/2014 06:00:00 PM,44,30,14
09/13/2014 07:00:00 PM,29,15,14
09/13/2014 08:00:00 PM,16,8,8
09/13/2014 09:00:00 PM,15,8,7
09/13/2014 10:00:00 PM,24,16,8
09/13/2014 11:00:00 PM,5,3,2
09/14/2014 12:00:00 AM,5,2,3
09/14/2014 01:00:00 AM,1,1,0
09/14/2014 02:00:00 AM,3,2,1
09/14/2014 03:00:00 AM,4,3,1
09/14/2014 04:00:00 AM,0,0,0
09/14/2014 05:00:00 AM,1,0,1
09/14/2014 06:00:00 AM,3,2,1
09/14/2014 07:00:00 AM,13,4,9
09/14/2014 08:00:00 AM,29,9,20
09/14/2014 09:00:00 AM,49,22,27
09/14/2014 10:00:00 AM,49,25,24
09/14/2014 11:00:00 AM,46,17,29
09/14/2014 12:00:00 PM,61,44,17
09/14/2014 01:00:00 PM,69,45,24
09/14/2014 02:00:00 PM,60,29,31
09/14/2014 03:00:00 PM,73,30,43
09/14/2014 04:00:00 PM,61,31,30
09/14/2014 05:00:00 PM,50,27,23
09/14/2014 06:00:00 PM,31,11,20
09/14/2014 07:00:00 PM,33,17,16
09/14/2014 08:00:00 PM,14,8,6
09/14/2014 09:00:00 PM,9,5,4
09/14/2014 10:00:00 PM,9,6,3
09/14/2014 11:00:00 PM,2,2,0
09/15/2014 12:00:00 AM,1,1,0
09/15/2014 01:00:00 AM,3,0,3
09/15/2014 02:00:00 AM,1,1,0
09/15/2014 03:00:00 AM,3,2,1
09/15/2014 04:00:00 AM,4,2,2
09/15/2014 05:00:00 AM,23,6,17
09/15/2014 06:00:00 AM,57,12,45
09/15/2014 07:00:00 AM,149,14,135
09/15/2014 08:00:00 AM,152,19,133
09/15/2014 09:00:00 AM,50,4,46
09/15/2014 10:00:00 AM,19,5,14
09/15/2014 11:00:00 AM,28,14,14
09/15/2014 12:00:00 PM,29,13,16
09/15/2014 01:00:00 PM,29,12,17
09/15/2014 02:00:00 PM,38,22,16
09/15/2014 03:00:00 PM,45,27,18
09/15/2014 04:00:00 PM,83,59,24
09/15/2014 05:00:00 PM,202,170,32
09/15/2014 06:00:00 PM,144,126,18
09/15/2014 07:00:00 PM,49,35,14
09/15/2014 08:00:00 PM,21,14,7
09/15/2014 09:00:00 PM,16,8,8
09/15/2014 10:00:00 PM,10,4,6
09/15/2014 11:00:00 PM,15,12,3
09/16/2014 12:00:00 AM,2,2,0
09/16/2014 01:00:00 AM,5,2,3
09/16/2014 02:00:00 AM,1,1,0
09/16/2014 03:00:00 AM,1,0,1
09/16/2014 04:00:00 AM,3,2,1
09/16/2014 05:00:00 AM,32,5,27
09/16/2014 06:00:00 AM,58,8,50
09/16/2014 07:00:00 AM,156,22,134
09/16/2014 08:00:00 AM,168,18,150
09/16/2014 09:00:00 AM,51,7,44
09/16/2014 10:00:00 AM,19,4,15
09/16/2014 11:00:00 AM,23,6,17
09/16/2014 12:00:00 PM,40,18,22
09/16/2014 01:00:00 PM,20,11,9
09/16/2014 02:00:00 PM,35,20,15
09/16/2014 03:00:00 PM,54,42,12
09/16/2014 04:00:00 PM,105,78,27
09/16/2014 05:00:00 PM,193,158,35
09/16/2014 06:00:00 PM,130,118,12
09/16/2014 07:00:00 PM,67,56,11
09/16/2014 08:00:00 PM,17,12,5
09/16/2014 09:00:00 PM,9,6,3
09/16/2014 10:00:00 PM,7,6,1
09/16/2014 11:00:00 PM,6,5,1
09/17/2014 12:00:00 AM,3,3,0
09/17/2014 01:00:00 AM,1,0,1
09/17/2014 02:00:00 AM,1,1,0
09/17/2014 03:00:00 AM,0,0,0
09/17/2014 04:00:00 AM,8,5,3
09/17/2014 05:00:00 AM,36,9,27
09/17/2014 06:00:00 AM,70,10,60
09/17/2014 07:00:00 AM,137,16,121
09/17/2014 08:00:00 AM,138,13,125
09/17/2014 09:00:00 AM,45,5,40
09/17/2014 10:00:00 AM,24,3,21
09/17/2014 11:00:00 AM,12,6,6
09/17/2014 12:00:00 PM,26,14,12
09/17/2014 01:00:00 PM,23,9,14
09/17/2014 02:00:00 PM,23,17,6
09/17/2014 03:00:00 PM,36,29,7
09/17/2014 04:00:00 PM,106,82,24
09/17/2014 05:00:00 PM,178,142,36
09/17/2014 06:00:00 PM,133,115,18
09/17/2014 07:00:00 PM,35,28,7
09/17/2014 08:00:00 PM,23,16,7
09/17/2014 09:00:00 PM,11,9,2
09/17/2014 10:00:00 PM,5,4,1
09/17/2014 11:00:00 PM,2,0,2
09/18/2014 12:00:00 AM,3,3,0
09/18/2014 01:00:00 AM,2,0,2
09/18/2014 02:00:00 AM,1,0,1
09/18/2014 03:00:00 AM,2,1,1
09/18/2014 04:00:00 AM,0,0,0
09/18/2014 05:00:00 AM,23,2,21
09/18/2014 06:00:00 AM,53,9,44
09/18/2014 07:00:00 AM,91,14,77
09/18/2014 08:00:00 AM,112,11,101
09/18/2014 09:00:00 AM,37,1,36
09/18/2014 10:00:00 AM,25,6,19
09/18/2014 11:00:00 AM,14,6,8
09/18/2014 12:00:00 PM,21,7,14
09/18/2014 01:00:00 PM,16,7,9
09/18/2014 02:00:00 PM,23,17,6
09/18/2014 03:00:00 PM,36,29,7
09/18/2014 04:00:00 PM,55,42,13
09/18/2014 05:00:00 PM,115,96,19
09/18/2014 06:00:00 PM,97,74,23
09/18/2014 07:00:00 PM,53,37,16
09/18/2014 08:00:00 PM,14,10,4
09/18/2014 09:00:00 PM,14,9,5
09/18/2014 10:00:00 PM,10,8,2
09/18/2014 11:00:00 PM,11,8,3
09/19/2014 12:00:00 AM,0,0,0
09/19/2014 01:00:00 AM,4,3,1
09/19/2014 02:00:00 AM,1,1,0
09/19/2014 03:00:00 AM,1,0,1
09/19/2014 04:00:00 AM,4,0,4
09/19/2014 05:00:00 AM,20,6,14
09/19/2014 06:00:00 AM,50,7,43
09/19/2014 07:00:00 AM,97,11,86
09/19/2014 08:00:00 AM,129,13,116
09/19/2014 09:00:00 AM,54,12,42
09/19/2014 10:00:00 AM,23,5,18
09/19/2014 11:00:00 AM,27,15,12
09/19/2014 12:00:00 PM,34,12,22
09/19/2014 01:00:00 PM,25,13,12
09/19/2014 02:00:00 PM,26,16,10
09/19/2014 03:00:00 PM,39,26,13
09/19/2014 04:00:00 PM,77,62,15
09/19/2014 05:00:00 PM,149,115,34
09/19/2014 06:00:00 PM,71,60,11
09/19/2014 07:00:00 PM,35,24,11
09/19/2014 08:00:00 PM,25,15,10
09/19/2014 09:00:00 PM,5,1,4
09/19/2014 10:00:00 PM,3,3,0
09/19/2014 11:00:00 PM,4,2,2
09/20/2014 12:00:00 AM,9,5,4
09/20/2014 01:00:00 AM,8,7,1
09/20/2014 02:00:00 AM,8,7,1
09/20/2014 03:00:00 AM,0,0,0
09/20/2014 04:00:00 AM,4,1,3
09/20/2014 05:00:00 AM,6,1,5
09/20/2014 06:00:00 AM,9,0,9
09/20/2014 07:00:00 AM,19,3,16
09/20/2014 08:00:00 AM,32,12,20
09/20/2014 09:00:00 AM,26,10,16
09/20/2014 10:00:00 AM,53,36,17
09/20/2014 11:00:00 AM,53,32,21
09/20/2014 12:00:00 PM,46,24,22
09/20/2014 01:00:00 PM,55,24,31
09/20/2014 02:00:00 PM,61,34,27
09/20/2014 03:00:00 PM,46,29,17
09/20/2014 04:00:00 PM,48,27,21
09/20/2014 05:00:00 PM,65,25,40
09/20/2014 06:00:00 PM,43,23,20
09/20/2014 07:00:00 PM,24,18,6
09/20/2014 08:00:00 PM,8,3,5
09/20/2014 09:00:00 PM,7,4,3
09/20/2014 10:00:00 PM,7,5,2
09/20/2014 11:00:00 PM,4,2,2
09/21/2014 12:00:00 AM,4,3,1
09/21/2014 01:00:00 AM,5,4,1
09/21/2014 02:00:00 AM,2,2,0
09/21/2014 03:00:00 AM,1,1,0
09/21/2014 04:00:00 AM,1,1,0
09/21/2014 05:00:00 AM,6,0,6
09/21/2014 06:00:00 AM,2,2,0
09/21/2014 07:00:00 AM,16,4,12
09/21/2014 08:00:00 AM,20,3,17
09/21/2014 09:00:00 AM,35,13,22
09/21/2014 10:00:00 AM,52,24,28
09/21/2014 11:00:00 AM,61,22,39
09/21/2014 12:00:00 PM,96,45,51
09/21/2014 01:00:00 PM,64,27,37
09/21/2014 02:00:00 PM,46,23,23
09/21/2014 03:00:00 PM,51,27,24
09/21/2014 04:00:00 PM,48,34,14
09/21/2014 05:00:00 PM,59,34,25
09/21/2014 06:00:00 PM,42,24,18
09/21/2014 07:00:00 PM,30,18,12
09/21/2014 08:00:00 PM,10,5,5
09/21/2014 09:00:00 PM,5,2,3
09/21/2014 10:00:00 PM,6,5,1
09/21/2014 11:00:00 PM,6,4,2
09/22/2014 12:00:00 AM,4,3,1
09/22/2014 01:00:00 AM,1,0,1
09/22/2014 02:00:00 AM,1,1,0
09/22/2014 03:00:00 AM,3,2,1
09/22/2014 04:00:00 AM,2,0,2
09/22/2014 05:00:00 AM,23,2,21
09/22/2014 06:00:00 AM,60,9,51
09/22/2014 07:00:00 AM,135,15,120
09/22/2014 08:00:00 AM,145,8,137
09/22/2014 09:00:00 AM,52,7,45
09/22/2014 10:00:00 AM,25,4,21
09/22/2014 11:00:00 AM,22,12,10
09/22/2014 12:00:00 PM,20,8,12
09/22/2014 01:00:00 PM,23,11,12
09/22/2014 02:00:00 PM,33,24,9
09/22/2014 03:00:00 PM,48,32,16
09/22/2014 04:00:00 PM,91,75,16
09/22/2014 05:00:00 PM,187,154,33
09/22/2014 06:00:00 PM,124,108,16
09/22/2014 07:00:00 PM,41,34,7
09/22/2014 08:00:00 PM,25,21,4
09/22/2014 09:00:00 PM,11,4,7
09/22/2014 10:00:00 PM,3,2,1
09/22/2014 11:00:00 PM,6,6,0
09/23/2014 12:00:00 AM,4,3,1
09/23/2014 01:00:00 AM,1,0,1
09/23/2014 02:00:00 AM,3,2,1
09/23/2014 03:00:00 AM,3,2,1
09/23/2014 04:00:00 AM,3,0,3
09/23/2014 05:00:00 AM,20,1,19
09/23/2014 06:00:00 AM,55,6,49
09/23/2014 07:00:00 AM,130,14,116
09/23/2014 08:00:00 AM,124,13,111
09/23/2014 09:00:00 AM,46,9,37
09/23/2014 10:00:00 AM,27,6,21
09/23/2014 11:00:00 AM,8,4,4
09/23/2014 12:00:00 PM,15,9,6
09/23/2014 01:00:00 PM,18,9,9
09/23/2014 02:00:00 PM,15,7,8
09/23/2014 03:00:00 PM,29,25,4
09/23/2014 04:00:00 PM,68,53,15
09/23/2014 05:00:00 PM,135,118,17
09/23/2014 06:00:00 PM,91,85,6
09/23/2014 07:00:00 PM,17,16,1
09/23/2014 08:00:00 PM,9,8,1
09/23/2014 09:00:00 PM,5,5,0
09/23/2014 10:00:00 PM,4,3,1
09/23/2014 11:00:00 PM,0,0,0
09/24/2014 12:00:00 AM,2,1,1
09/24/2014 01:00:00 AM,1,1,0
09/24/2014 02:00:00 AM,0,0,0
09/24/2014 03:00:00 AM,0,0,0
09/24/2014 04:00:00 AM,3,1,2
09/24/2014 05:00:00 AM,18,4,14
09/24/2014 06:00:00 AM,33,3,30
09/24/2014 07:00:00 AM,53,12,41
09/24/2014 08:00:00 AM,71,9,62
09/24/2014 09:00:00 AM,28,3,25
09/24/2014 10:00:00 AM,5,3,2
09/24/2014 11:00:00 AM,5,1,4
09/24/2014 12:00:00 PM,13,6,7
09/24/2014 01:00:00 PM,11,2,9
09/24/2014 02:00:00 PM,15,9,6
09/24/2014 03:00:00 PM,22,18,4
09/24/2014 04:00:00 PM,47,39,8
09/24/2014 05:00:00 PM,86,74,12
09/24/2014 06:00:00 PM,67,55,12
09/24/2014 07:00:00 PM,33,26,7
09/24/2014 08:00:00 PM,13,10,3
09/24/2014 09:00:00 PM,13,7,6
09/24/2014 10:00:00 PM,12,7,5
09/24/2014 11:00:00 PM,2,0,2
09/25/2014 12:00:00 AM,2,2,0
09/25/2014 01:00:00 AM,3,2,1
09/25/2014 02:00:00 AM,1,0,1
09/25/2014 03:00:00 AM,0,0,0
09/25/2014 04:00:00 AM,4,2,2
09/25/2014 05:00:00 AM,23,4,19
09/25/2014 06:00:00 AM,38,4,34
09/25/2014 07:00:00 AM,99,12,87
09/25/2014 08:00:00 AM,105,8,97
09/25/2014 09:00:00 AM,37,8,29
09/25/2014 10:00:00 AM,15,2,13
09/25/2014 11:00:00 AM,9,3,6
09/25/2014 12:00:00 PM,16,6,10
09/25/2014 01:00:00 PM,18,9,9
09/25/2014 02:00:00 PM,17,7,10
09/25/2014 03:00:00 PM,32,26,6
09/25/2014 04:00:00 PM,75,56,19
09/25/2014 05:00:00 PM,120,100,20
09/25/2014 06:00:00 PM,86,74,12
09/25/2014 07:00:00 PM,32,29,3
09/25/2014 08:00:00 PM,13,9,4
09/25/2014 09:00:00 PM,15,12,3
09/25/2014 10:00:00 PM,14,10,4
09/25/2014 11:00:00 PM,4,3,1
09/26/2014 12:00:00 AM,4,4,0
09/26/2014 01:00:00 AM,2,1,1
09/26/2014 02:00:00 AM,1,1,0
09/26/2014 03:00:00 AM,1,1,0
09/26/2014 04:00:00 AM,7,3,4
09/26/2014 05:00:00 AM,17,2,15
09/26/2014 06:00:00 AM,26,4,22
09/26/2014 07:00:00 AM,64,14,50
09/26/2014 08:00:00 AM,57,7,50
09/26/2014 09:00:00 AM,34,2,32
09/26/2014 10:00:00 AM,13,3,10
09/26/2014 11:00:00 AM,13,3,10
09/26/2014 12:00:00 PM,13,6,7
09/26/2014 01:00:00 PM,18,9,9
09/26/2014 02:00:00 PM,32,17,15
09/26/2014 03:00:00 PM,36,23,13
09/26/2014 04:00:00 PM,53,38,15
09/26/2014 05:00:00 PM,71,55,16
09/26/2014 06:00:00 PM,69,58,11
09/26/2014 07:00:00 PM,23,16,7
09/26/2014 08:00:00 PM,10,8,2
09/26/2014 09:00:00 PM,7,5,2
09/26/2014 10:00:00 PM,10,6,4
09/26/2014 11:00:00 PM,7,4,3
09/27/2014 12:00:00 AM,4,2,2
09/27/2014 01:00:00 AM,8,6,2
09/27/2014 02:00:00 AM,0,0,0
09/27/2014 03:00:00 AM,2,2,0
09/27/2014 04:00:00 AM,1,1,0
09/27/2014 05:00:00 AM,7,3,4
09/27/2014 06:00:00 AM,6,1,5
09/27/2014 07:00:00 AM,14,5,9
09/27/2014 08:00:00 AM,25,8,17
09/27/2014 09:00:00 AM,37,20,17
09/27/2014 10:00:00 AM,36,12,24
09/27/2014 11:00:00 AM,53,36,17
09/27/2014 12:00:00 PM,76,22,54
09/27/2014 01:00:00 PM,46,15,31
09/27/2014 02:00:00 PM,85,50,35
09/27/2014 03:00:00 PM,59,39,20
09/27/2014 04:00:00 PM,74,30,44
09/27/2014 05:00:00 PM,58,33,25
09/27/2014 06:00:00 PM,25,12,13
09/27/2014 07:00:00 PM,28,19,9
09/27/2014 08:00:00 PM,13,9,4
09/27/2014 09:00:00 PM,7,2,5
09/27/2014 10:00:00 PM,4,4,0
09/27/2014 11:00:00 PM,6,1,5
09/28/2014 12:00:00 AM,4,4,0
09/28/2014 01:00:00 AM,6,4,2
09/28/2014 02:00:00 AM,5,3,2
09/28/2014 03:00:00 AM,1,1,0
09/28/2014 04:00:00 AM,1,1,0
09/28/2014 05:00:00 AM,2,1,1
09/28/2014 06:00:00 AM,9,3,6
09/28/2014 07:00:00 AM,8,2,6
09/28/2014 08:00:00 AM,25,8,17
09/28/2014 09:00:00 AM,26,8,18
09/28/2014 10:00:00 AM,37,16,21
09/28/2014 11:00:00 AM,48,24,24
09/28/2014 12:00:00 PM,47,25,22
09/28/2014 01:00:00 PM,47,23,24
09/28/2014 02:00:00 PM,43,19,24
09/28/2014 03:00:00 PM,30,13,17
09/28/2014 04:00:00 PM,42,28,14
09/28/2014 05:00:00 PM,41,24,17
09/28/2014 06:00:00 PM,35,14,21
09/28/2014 07:00:00 PM,8,6,2
09/28/2014 08:00:00 PM,4,2,2
09/28/2014 09:00:00 PM,6,4,2
09/28/2014 10:00:00 PM,6,3,3
09/28/2014 11:00:00 PM,3,2,1
09/29/2014 12:00:00 AM,1,1,0
09/29/2014 01:00:00 AM,1,0,1
09/29/2014 02:00:00 AM,1,0,1
09/29/2014 03:00:00 AM,1,0,1
09/29/2014 04:00:00 AM,4,3,1
09/29/2014 05:00:00 AM,17,2,15
09/29/2014 06:00:00 AM,55,11,44
09/29/2014 07:00:00 AM,121,16,105
09/29/2014 08:00:00 AM,122,7,115
09/29/2014 09:00:00 AM,49,4,45
09/29/2014 10:00:00 AM,23,6,17
09/29/2014 11:00:00 AM,14,3,11
09/29/2014 12:00:00 PM,17,7,10
09/29/2014 01:00:00 PM,9,2,7
09/29/2014 02:00:00 PM,14,8,6
09/29/2014 03:00:00 PM,25,19,6
09/29/2014 04:00:00 PM,54,43,11
09/29/2014 05:00:00 PM,129,117,12
09/29/2014 06:00:00 PM,99,88,11
09/29/2014 07:00:00 PM,16,13,3
09/29/2014 08:00:00 PM,20,16,4
09/29/2014 09:00:00 PM,9,6,3
09/29/2014 10:00:00 PM,4,2,2
09/29/2014 11:00:00 PM,6,5,1
09/30/2014 12:00:00 AM,1,1,0
09/30/2014 01:00:00 AM,2,1,1
09/30/2014 02:00:00 AM,1,0,1
09/30/2014 03:00:00 AM,4,3,1
09/30/2014 04:00:00 AM,2,0,2
09/30/2014 05:00:00 AM,28,4,24
09/30/2014 06:00:00 AM,50,9,41
09/30/2014 07:00:00 AM,109,16,93
09/30/2014 08:00:00 AM,120,9,111
09/30/2014 09:00:00 AM,51,2,49
09/30/2014 10:00:00 AM,20,3,17
09/30/2014 11:00:00 AM,18,5,13
09/30/2014 12:00:00 PM,14,4,10
09/30/2014 01:00:00 PM,25,8,17
09/30/2014 02:00:00 PM,30,16,14
09/30/2014 03:00:00 PM,43,33,10
09/30/2014 04:00:00 PM,91,69,22
09/30/2014 05:00:00 PM,147,123,24
09/30/2014 06:00:00 PM,122,101,21
09/30/2014 07:00:00 PM,35,27,8
09/30/2014 08:00:00 PM,21,17,4
09/30/2014 09:00:00 PM,8,8,0
09/30/2014 10:00:00 PM,6,4,2
09/30/2014 11:00:00 PM,3,2,1
10/01/2014 12:00:00 AM,1,1,0
10/01/2014 01:00:00 AM,3,3,0
10/01/2014 02:00:00 AM,2,1,1
10/01/2014 03:00:00 AM,5,2,3
10/01/2014 04:00:00 AM,7,4,3
10/01/2014 05:00:00 AM,19,1,18
10/01/2014 06:00:00 AM,63,13,50
10/01/2014 07:00:00 AM,116,20,96
10/01/2014 08:00:00 AM,142,10,132
10/01/2014 09:00:00 AM,56,11,45
10/01/2014 10:00:00 AM,28,6,22
10/01/2014 11:00:00 AM,20,4,16
10/01/2014 12:00:00 PM,13,7,6
10/01/2014 01:00:00 PM,23,8,15
10/01/2014 02:00:00 PM,22,12,10
10/01/2014 03:00:00 PM,56,46,10
10/01/2014 04:00:00 PM,89,71,18
10/01/2014 05:00:00 PM,183,157,26
10/01/2014 06:00:00 PM,111,87,24
10/01/2014 07:00:00 PM,60,28,32
10/01/2014 08:00:00 PM,24,19,5
10/01/2014 09:00:00 PM,9,7,2
10/01/2014 10:00:00 PM,7,4,3
10/01/2014 11:00:00 PM,6,3,3
10/02/2014 12:00:00 AM,5,4,1
10/02/2014 01:00:00 AM,1,1,0
10/02/2014 02:00:00 AM,3,1,2
10/02/2014 03:00:00 AM,0,0,0
10/02/2014 04:00:00 AM,3,0,3
10/02/2014 05:00:00 AM,20,3,17
10/02/2014 06:00:00 AM,68,10,58
10/02/2014 07:00:00 AM,129,18,111
10/02/2014 08:00:00 AM,131,15,116
10/02/2014 09:00:00 AM,61,5,56
10/02/2014 10:00:00 AM,30,7,23
10/02/2014 11:00:00 AM,31,13,18
10/02/2014 12:00:00 PM,17,10,7
10/02/2014 01:00:00 PM,27,16,11
10/02/2014 02:00:00 PM,32,15,17
10/02/2014 03:00:00 PM,56,40,16
10/02/2014 04:00:00 PM,83,60,23
10/02/2014 05:00:00 PM,145,125,20
10/02/2014 06:00:00 PM,117,98,19
10/02/2014 07:00:00 PM,93,83,10
10/02/2014 08:00:00 PM,18,13,5
10/02/2014 09:00:00 PM,10,5,5
10/02/2014 10:00:00 PM,13,4,9
10/02/2014 11:00:00 PM,7,4,3
10/03/2014 12:00:00 AM,6,6,0
10/03/2014 01:00:00 AM,4,3,1
10/03/2014 02:00:00 AM,0,0,0
10/03/2014 03:00:00 AM,2,1,1
10/03/2014 04:00:00 AM,5,2,3
10/03/2014 05:00:00 AM,25,7,18
10/03/2014 06:00:00 AM,47,6,41
10/03/2014 07:00:00 AM,127,22,105
10/03/2014 08:00:00 AM,135,9,126
10/03/2014 09:00:00 AM,55,10,45
10/03/2014 10:00:00 AM,34,9,25
10/03/2014 11:00:00 AM,28,11,17
10/03/2014 12:00:00 PM,27,10,17
10/03/2014 01:00:00 PM,36,20,16
10/03/2014 02:00:00 PM,36,22,14
10/03/2014 03:00:00 PM,51,35,16
10/03/2014 04:00:00 PM,107,81,26
10/03/2014 05:00:00 PM,164,133,31
10/03/2014 06:00:00 PM,92,79,13
10/03/2014 07:00:00 PM,22,14,8
10/03/2014 08:00:00 PM,22,19,3
10/03/2014 09:00:00 PM,6,6,0
10/03/2014 10:00:00 PM,7,2,5
10/03/2014 11:00:00 PM,8,7,1
10/04/2014 12:00:00 AM,6,4,2
10/04/2014 01:00:00 AM,4,2,2
10/04/2014 02:00:00 AM,3,3,0
10/04/2014 03:00:00 AM,2,0,2
10/04/2014 04:00:00 AM,0,0,0
10/04/2014 05:00:00 AM,4,0,4
10/04/2014 06:00:00 AM,10,2,8
10/04/2014 07:00:00 AM,12,3,9
10/04/2014 08:00:00 AM,36,11,25
10/04/2014 09:00:00 AM,43,17,26
10/04/2014 10:00:00 AM,39,20,19
10/04/2014 11:00:00 AM,66,42,24
10/04/2014 12:00:00 PM,44,24,20
10/04/2014 01:00:00 PM,37,13,24
10/04/2014 02:00:00 PM,44,18,26
10/04/2014 03:00:00 PM,38,14,24
10/04/2014 04:00:00 PM,42,23,19
10/04/2014 05:00:00 PM,38,27,11
10/04/2014 06:00:00 PM,18,11,7
10/04/2014 07:00:00 PM,16,10,6
10/04/2014 08:00:00 PM,7,5,2
10/04/2014 09:00:00 PM,3,2,1
10/04/2014 10:00:00 PM,0,0,0
10/04/2014 11:00:00 PM,4,2,2
10/05/2014 12:00:00 AM,3,2,1
10/05/2014 01:00:00 AM,0,0,0
10/05/2014 02:00:00 AM,1,1,0
10/05/2014 03:00:00 AM,1,1,0
10/05/2014 04:00:00 AM,1,1,0
10/05/2014 05:00:00 AM,5,2,3
10/05/2014 06:00:00 AM,5,3,2
10/05/2014 07:00:00 AM,12,3,9
10/05/2014 08:00:00 AM,22,6,16
10/05/2014 09:00:00 AM,28,8,20
10/05/2014 10:00:00 AM,38,19,19
10/05/2014 11:00:00 AM,49,13,36
10/05/2014 12:00:00 PM,41,23,18
10/05/2014 01:00:00 PM,43,29,14
10/05/2014 02:00:00 PM,52,28,24
10/05/2014 03:00:00 PM,53,21,32
10/05/2014 04:00:00 PM,63,37,26
10/05/2014 05:00:00 PM,36,19,17
10/05/2014 06:00:00 PM,19,9,10
10/05/2014 07:00:00 PM,17,12,5
10/05/2014 08:00:00 PM,7,6,1
10/05/2014 09:00:00 PM,6,3,3
10/05/2014 10:00:00 PM,1,1,0
10/05/2014 11:00:00 PM,4,2,2
10/06/2014 12:00:00 AM,3,2,1
10/06/2014 01:00:00 AM,1,0,1
10/06/2014 02:00:00 AM,0,0,0
10/06/2014 03:00:00 AM,2,2,0
10/06/2014 04:00:00 AM,5,2,3
10/06/2014 05:00:00 AM,29,8,21
10/06/2014 06:00:00 AM,65,12,53
10/06/2014 07:00:00 AM,140,19,121
10/06/2014 08:00:00 AM,164,13,151
10/06/2014 09:00:00 AM,56,3,53
10/06/2014 10:00:00 AM,30,5,25
10/06/2014 11:00:00 AM,24,15,9
10/06/2014 12:00:00 PM,30,12,18
10/06/2014 01:00:00 PM,41,20,21
10/06/2014 02:00:00 PM,32,21,11
10/06/2014 03:00:00 PM,63,39,24
10/06/2014 04:00:00 PM,120,99,21
10/06/2014 05:00:00 PM,200,171,29
10/06/2014 06:00:00 PM,104,94,10
10/06/2014 07:00:00 PM,31,21,10
10/06/2014 08:00:00 PM,12,11,1
10/06/2014 09:00:00 PM,15,12,3
10/06/2014 10:00:00 PM,15,11,4
10/06/2014 11:00:00 PM,2,1,1
10/07/2014 12:00:00 AM,4,4,0
10/07/2014 01:00:00 AM,3,1,2
10/07/2014 02:00:00 AM,2,1,1
10/07/2014 03:00:00 AM,4,3,1
10/07/2014 04:00:00 AM,2,0,2
10/07/2014 05:00:00 AM,23,3,20
10/07/2014 06:00:00 AM,75,10,65
10/07/2014 07:00:00 AM,137,19,118
10/07/2014 08:00:00 AM,140,13,127
10/07/2014 09:00:00 AM,59,6,53
10/07/2014 10:00:00 AM,29,4,25
10/07/2014 11:00:00 AM,25,9,16
10/07/2014 12:00:00 PM,22,11,11
10/07/2014 01:00:00 PM,24,6,18
10/07/2014 02:00:00 PM,32,21,11
10/07/2014 03:00:00 PM,53,28,25
10/07/2014 04:00:00 PM,95,81,14
10/07/2014 05:00:00 PM,204,172,32
10/07/2014 06:00:00 PM,109,94,15
10/07/2014 07:00:00 PM,38,35,3
10/07/2014 08:00:00 PM,21,17,4
10/07/2014 09:00:00 PM,9,4,5
10/07/2014 10:00:00 PM,7,5,2
10/07/2014 11:00:00 PM,6,6,0
10/08/2014 12:00:00 AM,5,3,2
10/08/2014 01:00:00 AM,2,0,2
10/08/2014 02:00:00 AM,1,1,0
10/08/2014 03:00:00 AM,3,1,2
10/08/2014 04:00:00 AM,4,2,2
10/08/2014 05:00:00 AM,31,3,28
10/08/2014 06:00:00 AM,65,9,56
10/08/2014 07:00:00 AM,104,16,88
10/08/2014 08:00:00 AM,152,18,134
10/08/2014 09:00:00 AM,55,6,49
10/08/2014 10:00:00 AM,39,6,33
10/08/2014 11:00:00 AM,16,9,7
10/08/2014 12:00:00 PM,24,6,18
10/08/2014 01:00:00 PM,22,8,14
10/08/2014 02:00:00 PM,29,21,8
10/08/2014 03:00:00 PM,41,27,14
10/08/2014 04:00:00 PM,101,79,22
10/08/2014 05:00:00 PM,164,143,21
10/08/2014 06:00:00 PM,109,98,11
10/08/2014 07:00:00 PM,58,47,11
10/08/2014 08:00:00 PM,16,12,4
10/08/2014 09:00:00 PM,11,7,4
10/08/2014 10:00:00 PM,8,4,4
10/08/2014 11:00:00 PM,8,7,1
10/09/2014 12:00:00 AM,1,1,0
10/09/2014 01:00:00 AM,3,2,1
10/09/2014 02:00:00 AM,1,0,1
10/09/2014 03:00:00 AM,1,0,1
10/09/2014 04:00:00 AM,2,0,2
10/09/2014 05:00:00 AM,22,3,19
10/09/2014 06:00:00 AM,60,5,55
10/09/2014 07:00:00 AM,114,17,97
10/09/2014 08:00:00 AM,134,12,122
10/09/2014 09:00:00 AM,59,7,52
10/09/2014 10:00:00 AM,17,4,13
10/09/2014 11:00:00 AM,14,4,10
10/09/2014 12:00:00 PM,18,9,9
10/09/2014 01:00:00 PM,27,16,11
10/09/2014 02:00:00 PM,47,18,29
10/09/2014 03:00:00 PM,35,26,9
10/09/2014 04:00:00 PM,83,69,14
10/09/2014 05:00:00 PM,147,125,22
10/09/2014 06:00:00 PM,101,91,10
10/09/2014 07:00:00 PM,51,32,19
10/09/2014 08:00:00 PM,24,18,6
10/09/2014 09:00:00 PM,8,5,3
10/09/2014 10:00:00 PM,5,2,3
10/09/2014 11:00:00 PM,12,2,10
10/10/2014 12:00:00 AM,4,4,0
10/10/2014 01:00:00 AM,5,3,2
10/10/2014 02:00:00 AM,0,0,0
10/10/2014 03:00:00 AM,1,0,1
10/10/2014 04:00:00 AM,4,1,3
10/10/2014 05:00:00 AM,16,2,14
10/10/2014 06:00:00 AM,43,8,35
10/10/2014 07:00:00 AM,84,15,69
10/10/2014 08:00:00 AM,111,9,102
10/10/2014 09:00:00 AM,51,7,44
10/10/2014 10:00:00 AM,22,4,18
10/10/2014 11:00:00 AM,26,15,11
10/10/2014 12:00:00 PM,23,6,17
10/10/2014 01:00:00 PM,14,8,6
10/10/2014 02:00:00 PM,29,15,14
10/10/2014 03:00:00 PM,38,27,11
10/10/2014 04:00:00 PM,64,49,15
10/10/2014 05:00:00 PM,110,94,16
10/10/2014 06:00:00 PM,58,51,7
10/10/2014 07:00:00 PM,27,18,9
10/10/2014 08:00:00 PM,9,8,1
10/10/2014 09:00:00 PM,9,8,1
10/10/2014 10:00:00 PM,8,7,1
10/10/2014 11:00:00 PM,9,6,3
10/11/2014 12:00:00 AM,3,3,0
10/11/2014 01:00:00 AM,6,3,3
10/11/2014 02:00:00 AM,5,2,3
10/11/2014 03:00:00 AM,3,1,2
10/11/2014 04:00:00 AM,2,2,0
10/11/2014 05:00:00 AM,7,0,7
10/11/2014 06:00:00 AM,6,0,6
10/11/2014 07:00:00 AM,7,1,6
10/11/2014 08:00:00 AM,17,6,11
10/11/2014 09:00:00 AM,24,5,19
10/11/2014 10:00:00 AM,26,15,11
10/11/2014 11:00:00 AM,22,16,6
10/11/2014 12:00:00 PM,20,9,11
10/11/2014 01:00:00 PM,29,11,18
10/11/2014 02:00:00 PM,20,12,8
10/11/2014 03:00:00 PM,25,13,12
10/11/2014 04:00:00 PM,25,13,12
10/11/2014 05:00:00 PM,24,10,14
10/11/2014 06:00:00 PM,14,7,7
10/11/2014 07:00:00 PM,6,3,3
10/11/2014 08:00:00 PM,4,2,2
10/11/2014 09:00:00 PM,4,3,1
10/11/2014 10:00:00 PM,4,1,3
10/11/2014 11:00:00 PM,0,0,0
10/12/2014 12:00:00 AM,2,2,0
10/12/2014 01:00:00 AM,3,2,1
10/12/2014 02:00:00 AM,1,1,0
10/12/2014 03:00:00 AM,1,0,1
10/12/2014 04:00:00 AM,3,2,1
10/12/2014 05:00:00 AM,5,2,3
10/12/2014 06:00:00 AM,0,0,0
10/12/2014 07:00:00 AM,7,3,4
10/12/2014 08:00:00 AM,14,5,9
10/12/2014 09:00:00 AM,21,9,12
10/12/2014 10:00:00 AM,30,10,20
10/12/2014 11:00:00 AM,43,21,22
10/12/2014 12:00:00 PM,38,26,12
10/12/2014 01:00:00 PM,34,9,25
10/12/2014 02:00:00 PM,32,9,23
10/12/2014 03:00:00 PM,28,13,15
10/12/2014 04:00:00 PM,31,17,14
10/12/2014 05:00:00 PM,28,15,13
10/12/2014 06:00:00 PM,17,10,7
10/12/2014 07:00:00 PM,7,4,3
10/12/2014 08:00:00 PM,8,6,2
10/12/2014 09:00:00 PM,9,6,3
10/12/2014 10:00:00 PM,9,4,5
10/12/2014 11:00:00 PM,0,0,0
10/13/2014 12:00:00 AM,0,0,0
10/13/2014 01:00:00 AM,1,1,0
10/13/2014 02:00:00 AM,0,0,0
10/13/2014 03:00:00 AM,1,0,1
10/13/2014 04:00:00 AM,5,1,4
10/13/2014 05:00:00 AM,18,2,16
10/13/2014 06:00:00 AM,43,9,34
10/13/2014 07:00:00 AM,107,18,89
10/13/2014 08:00:00 AM,118,8,110
10/13/2014 09:00:00 AM,63,8,55
10/13/2014 10:00:00 AM,31,7,24
10/13/2014 11:00:00 AM,25,15,10
10/13/2014 12:00:00 PM,30,15,15
10/13/2014 01:00:00 PM,26,10,16
10/13/2014 02:00:00 PM,31,19,12
10/13/2014 03:00:00 PM,26,18,8
10/13/2014 04:00:00 PM,93,70,23
10/13/2014 05:00:00 PM,139,115,24
10/13/2014 06:00:00 PM,89,78,11
10/13/2014 07:00:00 PM,29,22,7
10/13/2014 08:00:00 PM,15,11,4
10/13/2014 09:00:00 PM,4,3,1
10/13/2014 10:00:00 PM,7,6,1
10/13/2014 11:00:00 PM,1,1,0
10/14/2014 12:00:00 AM,2,1,1
10/14/2014 01:00:00 AM,1,0,1
10/14/2014 02:00:00 AM,0,0,0
10/14/2014 03:00:00 AM,2,1,1
10/14/2014 04:00:00 AM,2,0,2
10/14/2014 05:00:00 AM,24,3,21
10/14/2014 06:00:00 AM,67,11,56
10/14/2014 07:00:00 AM,114,15,99
10/14/2014 08:00:00 AM,107,11,96
10/14/2014 09:00:00 AM,38,2,36
10/14/2014 10:00:00 AM,14,0,14
10/14/2014 11:00:00 AM,14,8,6
10/14/2014 12:00:00 PM,22,8,14
10/14/2014 01:00:00 PM,13,8,5
10/14/2014 02:00:00 PM,31,21,10
10/14/2014 03:00:00 PM,41,23,18
10/14/2014 04:00:00 PM,86,71,15
10/14/2014 05:00:00 PM,139,124,15
10/14/2014 06:00:00 PM,77,68,9
10/14/2014 07:00:00 PM,19,19,0
10/14/2014 08:00:00 PM,8,6,2
10/14/2014 09:00:00 PM,9,8,1
10/14/2014 10:00:00 PM,3,3,0
10/14/2014 11:00:00 PM,3,2,1
10/15/2014 12:00:00 AM,2,2,0
10/15/2014 01:00:00 AM,2,1,1
10/15/2014 02:00:00 AM,1,0,1
10/15/2014 03:00:00 AM,2,1,1
10/15/2014 04:00:00 AM,5,1,4
10/15/2014 05:00:00 AM,19,3,16
10/15/2014 06:00:00 AM,41,4,37
10/15/2014 07:00:00 AM,96,10,86
10/15/2014 08:00:00 AM,87,5,82
10/15/2014 09:00:00 AM,32,1,31
10/15/2014 10:00:00 AM,10,1,9
10/15/2014 11:00:00 AM,12,5,7
10/15/2014 12:00:00 PM,8,2,6
10/15/2014 01:00:00 PM,6,4,2
10/15/2014 02:00:00 PM,14,5,9
10/15/2014 03:00:00 PM,22,15,7
10/15/2014 04:00:00 PM,63,52,11
10/15/2014 05:00:00 PM,94,76,18
10/15/2014 06:00:00 PM,82,69,13
10/15/2014 07:00:00 PM,36,27,9
10/15/2014 08:00:00 PM,22,10,12
10/15/2014 09:00:00 PM,10,5,5
10/15/2014 10:00:00 PM,10,6,4
10/15/2014 11:00:00 PM,1,0,1
10/16/2014 12:00:00 AM,3,2,1
10/16/2014 01:00:00 AM,2,2,0
10/16/2014 02:00:00 AM,0,0,0
10/16/2014 03:00:00 AM,4,3,1
10/16/2014 04:00:00 AM,6,2,4
10/16/2014 05:00:00 AM,26,3,23
10/16/2014 06:00:00 AM,62,12,50
10/16/2014 07:00:00 AM,117,14,103
10/16/2014 08:00:00 AM,109,10,99
10/16/2014 09:00:00 AM,40,7,33
10/16/2014 10:00:00 AM,19,6,13
10/16/2014 11:00:00 AM,29,12,17
10/16/2014 12:00:00 PM,28,8,20
10/16/2014 01:00:00 PM,32,17,15
10/16/2014 02:00:00 PM,55,36,19
10/16/2014 03:00:00 PM,64,39,25
10/16/2014 04:00:00 PM,110,86,24
10/16/2014 05:00:00 PM,153,127,26
10/16/2014 06:00:00 PM,74,60,14
10/16/2014 07:00:00 PM,37,23,14
10/16/2014 08:00:00 PM,16,10,6
10/16/2014 09:00:00 PM,14,7,7
10/16/2014 10:00:00 PM,8,5,3
10/16/2014 11:00:00 PM,4,3,1
10/17/2014 12:00:00 AM,5,3,2
10/17/2014 01:00:00 AM,4,2,2
10/17/2014 02:00:00 AM,2,2,0
10/17/2014 03:00:00 AM,2,1,1
10/17/2014 04:00:00 AM,2,1,1
10/17/2014 05:00:00 AM,16,5,11
10/17/2014 06:00:00 AM,31,5,26
10/17/2014 07:00:00 AM,64,10,54
10/17/2014 08:00:00 AM,64,7,57
10/17/2014 09:00:00 AM,38,2,36
10/17/2014 10:00:00 AM,21,4,17
10/17/2014 11:00:00 AM,11,1,10
10/17/2014 12:00:00 PM,14,8,6
10/17/2014 01:00:00 PM,10,7,3
10/17/2014 02:00:00 PM,15,9,6
10/17/2014 03:00:00 PM,22,15,7
10/17/2014 04:00:00 PM,34,27,7
10/17/2014 05:00:00 PM,95,81,14
10/17/2014 06:00:00 PM,56,53,3
10/17/2014 07:00:00 PM,20,14,6
10/17/2014 08:00:00 PM,12,10,2
10/17/2014 09:00:00 PM,2,2,0
10/17/2014 10:00:00 PM,8,4,4
10/17/2014 11:00:00 PM,2,0,2
10/18/2014 12:00:00 AM,2,2,0
10/18/2014 01:00:00 AM,2,1,1
10/18/2014 02:00:00 AM,2,2,0
10/18/2014 03:00:00 AM,4,2,2
10/18/2014 04:00:00 AM,1,1,0
10/18/2014 05:00:00 AM,1,0,1
10/18/2014 06:00:00 AM,2,1,1
10/18/2014 07:00:00 AM,6,2,4
10/18/2014 08:00:00 AM,15,6,9
10/18/2014 09:00:00 AM,14,8,6
10/18/2014 10:00:00 AM,14,8,6
10/18/2014 11:00:00 AM,25,10,15
10/18/2014 12:00:00 PM,17,7,10
10/18/2014 01:00:00 PM,17,7,10
10/18/2014 02:00:00 PM,25,15,10
10/18/2014 03:00:00 PM,29,13,16
10/18/2014 04:00:00 PM,34,8,26
10/18/2014 05:00:00 PM,28,14,14
10/18/2014 06:00:00 PM,12,6,6
10/18/2014 07:00:00 PM,6,2,4
10/18/2014 08:00:00 PM,4,3,1
10/18/2014 09:00:00 PM,5,2,3
10/18/2014 10:00:00 PM,1,0,1
10/18/2014 11:00:00 PM,3,3,0
10/19/2014 12:00:00 AM,2,1,1
10/19/2014 01:00:00 AM,4,4,0
10/19/2014 02:00:00 AM,2,2,0
10/19/2014 03:00:00 AM,1,0,1
10/19/2014 04:00:00 AM,3,3,0
10/19/2014 05:00:00 AM,3,0,3
10/19/2014 06:00:00 AM,6,0,6
10/19/2014 07:00:00 AM,8,2,6
10/19/2014 08:00:00 AM,16,5,11
10/19/2014 09:00:00 AM,27,5,22
10/19/2014 10:00:00 AM,49,28,21
10/19/2014 11:00:00 AM,49,24,25
10/19/2014 12:00:00 PM,61,24,37
10/19/2014 01:00:00 PM,90,35,55
10/19/2014 02:00:00 PM,95,42,53
10/19/2014 03:00:00 PM,72,41,31
10/19/2014 04:00:00 PM,54,29,25
10/19/2014 05:00:00 PM,64,32,32
10/19/2014 06:00:00 PM,42,21,21
10/19/2014 07:00:00 PM,14,4,10
10/19/2014 08:00:00 PM,12,7,5
10/19/2014 09:00:00 PM,5,3,2
10/19/2014 10:00:00 PM,3,1,2
10/19/2014 11:00:00 PM,4,1,3
10/20/2014 12:00:00 AM,3,1,2
10/20/2014 01:00:00 AM,2,1,1
10/20/2014 02:00:00 AM,1,0,1
10/20/2014 03:00:00 AM,0,0,0
10/20/2014 04:00:00 AM,1,1,0
10/20/2014 05:00:00 AM,17,4,13
10/20/2014 06:00:00 AM,47,8,39
10/20/2014 07:00:00 AM,88,17,71
10/20/2014 08:00:00 AM,93,8,85
10/20/2014 09:00:00 AM,40,2,38
10/20/2014 10:00:00 AM,25,4,21
10/20/2014 11:00:00 AM,16,5,11
10/20/2014 12:00:00 PM,13,3,10
10/20/2014 01:00:00 PM,14,7,7
10/20/2014 02:00:00 PM,17,11,6
10/20/2014 03:00:00 PM,35,18,17
10/20/2014 04:00:00 PM,60,49,11
10/20/2014 05:00:00 PM,112,97,15
10/20/2014 06:00:00 PM,90,78,12
10/20/2014 07:00:00 PM,27,15,12
10/20/2014 08:00:00 PM,12,10,2
10/20/2014 09:00:00 PM,6,3,3
10/20/2014 10:00:00 PM,5,2,3
10/20/2014 11:00:00 PM,5,3,2
10/21/2014 12:00:00 AM,0,0,0
10/21/2014 01:00:00 AM,6,4,2
10/21/2014 02:00:00 AM,1,0,1
10/21/2014 03:00:00 AM,4,3,1
10/21/2014 04:00:00 AM,4,1,3
10/21/2014 05:00:00 AM,16,1,15
10/21/2014 06:00:00 AM,48,5,43
10/21/2014 07:00:00 AM,83,12,71
10/21/2014 08:00:00 AM,108,11,97
10/21/2014 09:00:00 AM,50,6,44
10/21/2014 10:00:00 AM,22,5,17
10/21/2014 11:00:00 AM,27,13,14
10/21/2014 12:00:00 PM,26,9,17
10/21/2014 01:00:00 PM,20,10,10
10/21/2014 02:00:00 PM,22,16,6
10/21/2014 03:00:00 PM,27,18,9
10/21/2014 04:00:00 PM,64,52,12
10/21/2014 05:00:00 PM,124,101,23
10/21/2014 06:00:00 PM,80,74,6
10/21/2014 07:00:00 PM,26,22,4
10/21/2014 08:00:00 PM,9,8,1
10/21/2014 09:00:00 PM,4,4,0
10/21/2014 10:00:00 PM,4,2,2
10/21/2014 11:00:00 PM,1,1,0
10/22/2014 12:00:00 AM,1,1,0
10/22/2014 01:00:00 AM,1,0,1
10/22/2014 02:00:00 AM,2,2,0
10/22/2014 03:00:00 AM,1,0,1
10/22/2014 04:00:00 AM,3,1,2
10/22/2014 05:00:00 AM,13,1,12
10/22/2014 06:00:00 AM,34,6,28
10/22/2014 07:00:00 AM,68,14,54
10/22/2014 08:00:00 AM,85,6,79
10/22/2014 09:00:00 AM,39,1,38
10/22/2014 10:00:00 AM,18,3,15
10/22/2014 11:00:00 AM,7,4,3
10/22/2014 12:00:00 PM,4,1,3
10/22/2014 01:00:00 PM,8,5,3
10/22/2014 02:00:00 PM,12,8,4
10/22/2014 03:00:00 PM,26,16,10
10/22/2014 04:00:00 PM,36,30,6
10/22/2014 05:00:00 PM,76,63,13
10/22/2014 06:00:00 PM,63,53,10
10/22/2014 07:00:00 PM,18,17,1
10/22/2014 08:00:00 PM,8,6,2
10/22/2014 09:00:00 PM,11,10,1
10/22/2014 10:00:00 PM,0,0,0
10/22/2014 11:00:00 PM,1,0,1
10/23/2014 12:00:00 AM,1,1,0
10/23/2014 01:00:00 AM,0,0,0
10/23/2014 02:00:00 AM,1,0,1
10/23/2014 03:00:00 AM,1,0,1
10/23/2014 04:00:00 AM,2,0,2
10/23/2014 05:00:00 AM,13,2,11
10/23/2014 06:00:00 AM,29,6,23
10/23/2014 07:00:00 AM,67,11,56
10/23/2014 08:00:00 AM,81,4,77
10/23/2014 09:00:00 AM,31,2,29
10/23/2014 10:00:00 AM,14,2,12
10/23/2014 11:00:00 AM,5,2,3
10/23/2014 12:00:00 PM,12,8,4
10/23/2014 01:00:00 PM,19,10,9
10/23/2014 02:00:00 PM,17,12,5
10/23/2014 03:00:00 PM,29,18,11
10/23/2014 04:00:00 PM,28,19,9
10/23/2014 05:00:00 PM,90,76,14
10/23/2014 06:00:00 PM,70,56,14
10/23/2014 07:00:00 PM,32,29,3
10/23/2014 08:00:00 PM,13,11,2
10/23/2014 09:00:00 PM,7,4,3
10/23/2014 10:00:00 PM,6,4,2
10/23/2014 11:00:00 PM,1,0,1
10/24/2014 12:00:00 AM,3,3,0
10/24/2014 01:00:00 AM,3,3,0
10/24/2014 02:00:00 AM,1,1,0
10/24/2014 03:00:00 AM,2,0,2
10/24/2014 04:00:00 AM,0,0,0
10/24/2014 05:00:00 AM,,,
10/24/2014 06:00:00 AM,56,9,47
10/24/2014 07:00:00 AM,86,7,79
10/24/2014 08:00:00 AM,86,11,75
10/24/2014 09:00:00 AM,32,2,30
10/24/2014 10:00:00 AM,21,5,16
10/24/2014 11:00:00 AM,11,4,7
10/24/2014 12:00:00 PM,33,18,15
10/24/2014 01:00:00 PM,34,11,23
10/24/2014 02:00:00 PM,30,20,10
10/24/2014 03:00:00 PM,43,31,12
10/24/2014 04:00:00 PM,81,61,20
10/24/2014 05:00:00 PM,113,95,18
10/24/2014 06:00:00 PM,61,49,12
10/24/2014 07:00:00 PM,18,12,6
10/24/2014 08:00:00 PM,4,2,2
10/24/2014 09:00:00 PM,6,5,1
10/24/2014 10:00:00 PM,6,6,0
10/24/2014 11:00:00 PM,4,4,0
10/25/2014 12:00:00 AM,6,6,0
10/25/2014 01:00:00 AM,5,4,1
10/25/2014 02:00:00 AM,2,0,2
10/25/2014 03:00:00 AM,4,2,2
10/25/2014 04:00:00 AM,5,2,3
10/25/2014 05:00:00 AM,1,0,1
10/25/2014 06:00:00 AM,1,0,1
10/25/2014 07:00:00 AM,7,1,6
10/25/2014 08:00:00 AM,10,4,6
10/25/2014 09:00:00 AM,11,4,7
10/25/2014 10:00:00 AM,16,7,9
10/25/2014 11:00:00 AM,22,10,12
10/25/2014 12:00:00 PM,12,4,8
10/25/2014 01:00:00 PM,6,2,4
10/25/2014 02:00:00 PM,18,7,11
10/25/2014 03:00:00 PM,13,9,4
10/25/2014 04:00:00 PM,9,7,2
10/25/2014 05:00:00 PM,13,5,8
10/25/2014 06:00:00 PM,7,4,3
10/25/2014 07:00:00 PM,1,1,0
10/25/2014 08:00:00 PM,3,2,1
10/25/2014 09:00:00 PM,4,2,2
10/25/2014 10:00:00 PM,3,0,3
10/25/2014 11:00:00 PM,4,1,3
10/26/2014 12:00:00 AM,1,1,0
10/26/2014 01:00:00 AM,1,1,0
10/26/2014 02:00:00 AM,0,0,0
10/26/2014 03:00:00 AM,2,2,0
10/26/2014 04:00:00 AM,4,4,0
10/26/2014 05:00:00 AM,1,0,1
10/26/2014 06:00:00 AM,4,1,3
10/26/2014 07:00:00 AM,3,1,2
10/26/2014 08:00:00 AM,0,0,0
10/26/2014 09:00:00 AM,10,2,8
10/26/2014 10:00:00 AM,13,5,8
10/26/2014 11:00:00 AM,37,24,13
10/26/2014 12:00:00 PM,25,9,16
10/26/2014 01:00:00 PM,16,8,8
10/26/2014 02:00:00 PM,13,4,9
10/26/2014 03:00:00 PM,19,13,6
10/26/2014 04:00:00 PM,22,12,10
10/26/2014 05:00:00 PM,16,9,7
10/26/2014 06:00:00 PM,13,5,8
10/26/2014 07:00:00 PM,5,2,3
10/26/2014 08:00:00 PM,5,3,2
10/26/2014 09:00:00 PM,1,1,0
10/26/2014 10:00:00 PM,1,1,0
10/26/2014 11:00:00 PM,2,2,0
10/27/2014 12:00:00 AM,1,1,0
10/27/2014 01:00:00 AM,1,1,0
10/27/2014 02:00:00 AM,1,0,1
10/27/2014 03:00:00 AM,3,1,2
10/27/2014 04:00:00 AM,8,2,6
10/27/2014 05:00:00 AM,18,4,14
10/27/2014 06:00:00 AM,44,7,37
10/27/2014 07:00:00 AM,111,16,95
10/27/2014 08:00:00 AM,117,8,109
10/27/2014 09:00:00 AM,40,1,39
10/27/2014 10:00:00 AM,20,7,13
10/27/2014 11:00:00 AM,21,8,13
10/27/2014 12:00:00 PM,28,12,16
10/27/2014 01:00:00 PM,31,12,19
10/27/2014 02:00:00 PM,25,12,13
10/27/2014 03:00:00 PM,45,35,10
10/27/2014 04:00:00 PM,68,60,8
10/27/2014 05:00:00 PM,128,106,22
10/27/2014 06:00:00 PM,97,82,15
10/27/2014 07:00:00 PM,25,20,5
10/27/2014 08:00:00 PM,10,6,4
10/27/2014 09:00:00 PM,10,9,1
10/27/2014 10:00:00 PM,7,2,5
10/27/2014 11:00:00 PM,2,1,1
10/28/2014 12:00:00 AM,0,0,0
10/28/2014 01:00:00 AM,2,1,1
10/28/2014 02:00:00 AM,1,1,0
10/28/2014 03:00:00 AM,0,0,0
10/28/2014 04:00:00 AM,2,1,1
10/28/2014 05:00:00 AM,14,2,12
10/28/2014 06:00:00 AM,45,5,40
10/28/2014 07:00:00 AM,73,13,60
10/28/2014 08:00:00 AM,79,7,72
10/28/2014 09:00:00 AM,31,3,28
10/28/2014 10:00:00 AM,14,4,10
10/28/2014 11:00:00 AM,4,1,3
10/28/2014 12:00:00 PM,6,2,4
10/28/2014 01:00:00 PM,7,1,6
10/28/2014 02:00:00 PM,9,4,5
10/28/2014 03:00:00 PM,20,15,5
10/28/2014 04:00:00 PM,41,29,12
10/28/2014 05:00:00 PM,102,80,22
10/28/2014 06:00:00 PM,70,63,7
10/28/2014 07:00:00 PM,23,19,4
10/28/2014 08:00:00 PM,9,7,2
10/28/2014 09:00:00 PM,8,7,1
10/28/2014 10:00:00 PM,3,2,1
10/28/2014 11:00:00 PM,2,1,1
10/29/2014 12:00:00 AM,3,1,2
10/29/2014 01:00:00 AM,1,1,0
10/29/2014 02:00:00 AM,2,2,0
10/29/2014 03:00:00 AM,2,1,1
10/29/2014 04:00:00 AM,5,1,4
10/29/2014 05:00:00 AM,18,2,16
10/29/2014 06:00:00 AM,45,1,44
10/29/2014 07:00:00 AM,115,16,99
10/29/2014 08:00:00 AM,136,12,124
10/29/2014 09:00:00 AM,47,3,44
10/29/2014 10:00:00 AM,28,6,22
10/29/2014 11:00:00 AM,23,8,15
10/29/2014 12:00:00 PM,28,18,10
10/29/2014 01:00:00 PM,28,8,20
10/29/2014 02:00:00 PM,33,16,17
10/29/2014 03:00:00 PM,56,41,15
10/29/2014 04:00:00 PM,91,72,19
10/29/2014 05:00:00 PM,132,109,23
10/29/2014 06:00:00 PM,98,83,15
10/29/2014 07:00:00 PM,24,19,5
10/29/2014 08:00:00 PM,25,22,3
10/29/2014 09:00:00 PM,15,11,4
10/29/2014 10:00:00 PM,10,9,1
10/29/2014 11:00:00 PM,3,2,1
10/30/2014 12:00:00 AM,4,3,1
10/30/2014 01:00:00 AM,4,1,3
10/30/2014 02:00:00 AM,1,1,0
10/30/2014 03:00:00 AM,0,0,0
10/30/2014 04:00:00 AM,2,0,2
10/30/2014 05:00:00 AM,17,4,13
10/30/2014 06:00:00 AM,47,4,43
10/30/2014 07:00:00 AM,98,11,87
10/30/2014 08:00:00 AM,95,6,89
10/30/2014 09:00:00 AM,34,4,30
10/30/2014 10:00:00 AM,16,2,14
10/30/2014 11:00:00 AM,10,5,5
10/30/2014 12:00:00 PM,10,5,5
10/30/2014 01:00:00 PM,12,3,9
10/30/2014 02:00:00 PM,10,9,1
10/30/2014 03:00:00 PM,17,11,6
10/30/2014 04:00:00 PM,42,33,9
10/30/2014 05:00:00 PM,113,104,9
10/30/2014 06:00:00 PM,72,56,16
10/30/2014 07:00:00 PM,22,19,3
10/30/2014 08:00:00 PM,14,10,4
10/30/2014 09:00:00 PM,13,9,4
10/30/2014 10:00:00 PM,2,2,0
10/30/2014 11:00:00 PM,2,2,0
10/31/2014 12:00:00 AM,1,1,0
10/31/2014 01:00:00 AM,1,1,0
10/31/2014 02:00:00 AM,1,1,0
10/31/2014 03:00:00 AM,1,0,1
10/31/2014 04:00:00 AM,1,0,1
10/31/2014 05:00:00 AM,7,2,5
10/31/2014 06:00:00 AM,31,5,26
10/31/2014 07:00:00 AM,58,8,50
10/31/2014 08:00:00 AM,58,6,52
10/31/2014 09:00:00 AM,32,4,28
10/31/2014 10:00:00 AM,10,2,8
10/31/2014 11:00:00 AM,8,2,6
10/31/2014 12:00:00 PM,10,6,4
10/31/2014 01:00:00 PM,7,1,6
10/31/2014 02:00:00 PM,14,8,6
10/31/2014 03:00:00 PM,27,21,6
10/31/2014 04:00:00 PM,59,43,16
10/31/2014 05:00:00 PM,74,66,8
10/31/2014 06:00:00 PM,32,27,5
10/31/2014 07:00:00 PM,18,10,8
10/31/2014 08:00:00 PM,7,7,0
10/31/2014 09:00:00 PM,7,3,4
10/31/2014 10:00:00 PM,2,0,2
10/31/2014 11:00:00 PM,10,6,4
11/01/2014 12:00:00 AM,5,4,1
11/01/2014 01:00:00 AM,4,4,0
11/01/2014 02:00:00 AM,4,2,2
11/01/2014 03:00:00 AM,4,2,2
11/01/2014 04:00:00 AM,4,3,1
11/01/2014 05:00:00 AM,2,1,1
11/01/2014 06:00:00 AM,4,1,3
11/01/2014 07:00:00 AM,6,2,4
11/01/2014 08:00:00 AM,18,5,13
11/01/2014 09:00:00 AM,23,11,12
11/01/2014 10:00:00 AM,22,14,8
11/01/2014 11:00:00 AM,33,17,16
11/01/2014 12:00:00 PM,35,16,19
11/01/2014 01:00:00 PM,56,25,31
11/01/2014 02:00:00 PM,29,16,13
11/01/2014 03:00:00 PM,37,15,22
11/01/2014 04:00:00 PM,41,22,19
11/01/2014 05:00:00 PM,20,13,7
11/01/2014 06:00:00 PM,12,9,3
11/01/2014 07:00:00 PM,4,1,3
11/01/2014 08:00:00 PM,6,2,4
11/01/2014 09:00:00 PM,3,3,0
11/01/2014 10:00:00 PM,5,4,1
11/01/2014 11:00:00 PM,4,3,1
11/02/2014 12:00:00 AM,4,2,2
11/02/2014 01:00:00 AM,8,4,4
11/02/2014 02:00:00 AM,1,1,0
11/02/2014 03:00:00 AM,0,0,0
11/02/2014 04:00:00 AM,4,3,1
11/02/2014 05:00:00 AM,4,1,3
11/02/2014 06:00:00 AM,5,2,3
11/02/2014 07:00:00 AM,6,1,5
11/02/2014 08:00:00 AM,22,5,17
11/02/2014 09:00:00 AM,25,11,14
11/02/2014 10:00:00 AM,47,21,26
11/02/2014 11:00:00 AM,36,16,20
11/02/2014 12:00:00 PM,37,18,19
11/02/2014 01:00:00 PM,21,12,9
11/02/2014 02:00:00 PM,9,6,3
11/02/2014 03:00:00 PM,8,2,6
11/02/2014 04:00:00 PM,9,4,5
11/02/2014 05:00:00 PM,14,11,3
11/02/2014 06:00:00 PM,6,4,2
11/02/2014 07:00:00 PM,1,1,0
11/02/2014 08:00:00 PM,1,0,1
11/02/2014 09:00:00 PM,0,0,0
11/02/2014 10:00:00 PM,0,0,0
11/02/2014 11:00:00 PM,2,1,1
11/03/2014 12:00:00 AM,1,0,1
11/03/2014 01:00:00 AM,2,1,1
11/03/2014 02:00:00 AM,0,0,0
11/03/2014 03:00:00 AM,4,2,2
11/03/2014 04:00:00 AM,5,2,3
11/03/2014 05:00:00 AM,26,8,18
11/03/2014 06:00:00 AM,45,4,41
11/03/2014 07:00:00 AM,117,15,102
11/03/2014 08:00:00 AM,88,6,82
11/03/2014 09:00:00 AM,37,2,35
11/03/2014 10:00:00 AM,14,4,10
11/03/2014 11:00:00 AM,10,4,6
11/03/2014 12:00:00 PM,16,7,9
11/03/2014 01:00:00 PM,15,8,7
11/03/2014 02:00:00 PM,15,7,8
11/03/2014 03:00:00 PM,27,17,10
11/03/2014 04:00:00 PM,42,33,9
11/03/2014 05:00:00 PM,118,98,20
11/03/2014 06:00:00 PM,67,60,7
11/03/2014 07:00:00 PM,18,15,3
11/03/2014 08:00:00 PM,9,8,1
11/03/2014 09:00:00 PM,8,4,4
11/03/2014 10:00:00 PM,5,3,2
11/03/2014 11:00:00 PM,2,1,1
11/04/2014 12:00:00 AM,1,1,0
11/04/2014 01:00:00 AM,3,2,1
11/04/2014 02:00:00 AM,2,0,2
11/04/2014 03:00:00 AM,0,0,0
11/04/2014 04:00:00 AM,3,1,2
11/04/2014 05:00:00 AM,21,1,20
11/04/2014 06:00:00 AM,48,9,39
11/04/2014 07:00:00 AM,103,9,94
11/04/2014 08:00:00 AM,87,3,84
11/04/2014 09:00:00 AM,35,5,30
11/04/2014 10:00:00 AM,9,1,8
11/04/2014 11:00:00 AM,15,7,8
11/04/2014 12:00:00 PM,10,2,8
11/04/2014 01:00:00 PM,12,6,6
11/04/2014 02:00:00 PM,24,13,11
11/04/2014 03:00:00 PM,34,24,10
11/04/2014 04:00:00 PM,66,50,16
11/04/2014 05:00:00 PM,132,112,20
11/04/2014 06:00:00 PM,59,50,9
11/04/2014 07:00:00 PM,13,8,5
11/04/2014 08:00:00 PM,14,11,3
11/04/2014 09:00:00 PM,8,8,0
11/04/2014 10:00:00 PM,5,3,2
11/04/2014 11:00:00 PM,5,2,3
11/05/2014 12:00:00 AM,6,3,3
11/05/2014 01:00:00 AM,4,2,2
11/05/2014 02:00:00 AM,2,0,2
11/05/2014 03:00:00 AM,3,2,1
11/05/2014 04:00:00 AM,3,0,3
11/05/2014 05:00:00 AM,25,4,21
11/05/2014 06:00:00 AM,50,7,43
11/05/2014 07:00:00 AM,89,14,75
11/05/2014 08:00:00 AM,123,12,111
11/05/2014 09:00:00 AM,55,5,50
11/05/2014 10:00:00 AM,15,3,12
11/05/2014 11:00:00 AM,8,2,6
11/05/2014 12:00:00 PM,39,22,17
11/05/2014 01:00:00 PM,23,6,17
11/05/2014 02:00:00 PM,23,15,8
11/05/2014 03:00:00 PM,31,19,12
11/05/2014 04:00:00 PM,67,51,16
11/05/2014 05:00:00 PM,116,98,18
11/05/2014 06:00:00 PM,48,43,5
11/05/2014 07:00:00 PM,15,15,0
11/05/2014 08:00:00 PM,12,7,5
11/05/2014 09:00:00 PM,8,5,3
11/05/2014 10:00:00 PM,6,4,2
11/05/2014 11:00:00 PM,9,8,1
11/06/2014 12:00:00 AM,4,2,2
11/06/2014 01:00:00 AM,2,1,1
11/06/2014 02:00:00 AM,3,2,1
11/06/2014 03:00:00 AM,3,1,2
11/06/2014 04:00:00 AM,1,0,1
11/06/2014 05:00:00 AM,16,3,13
11/06/2014 06:00:00 AM,46,4,42
11/06/2014 07:00:00 AM,87,13,74
11/06/2014 08:00:00 AM,63,3,60
11/06/2014 09:00:00 AM,39,4,35
11/06/2014 10:00:00 AM,20,6,14
11/06/2014 11:00:00 AM,21,4,17
11/06/2014 12:00:00 PM,7,3,4
11/06/2014 01:00:00 PM,6,3,3
11/06/2014 02:00:00 PM,16,9,7
11/06/2014 03:00:00 PM,26,17,9
11/06/2014 04:00:00 PM,59,44,15
11/06/2014 05:00:00 PM,107,87,20
11/06/2014 06:00:00 PM,51,42,9
11/06/2014 07:00:00 PM,17,12,5
11/06/2014 08:00:00 PM,6,3,3
11/06/2014 09:00:00 PM,3,3,0
11/06/2014 10:00:00 PM,5,4,1
11/06/2014 11:00:00 PM,3,3,0
11/07/2014 12:00:00 AM,2,2,0
11/07/2014 01:00:00 AM,1,0,1
11/07/2014 02:00:00 AM,0,0,0
11/07/2014 03:00:00 AM,2,1,1
11/07/2014 04:00:00 AM,3,2,1
11/07/2014 05:00:00 AM,19,1,18
11/07/2014 06:00:00 AM,43,5,38
11/07/2014 07:00:00 AM,121,19,102
11/07/2014 08:00:00 AM,91,11,80
11/07/2014 09:00:00 AM,54,8,46
11/07/2014 10:00:00 AM,19,9,10
11/07/2014 11:00:00 AM,27,11,16
11/07/2014 12:00:00 PM,29,14,15
11/07/2014 01:00:00 PM,33,15,18
11/07/2014 02:00:00 PM,36,21,15
11/07/2014 03:00:00 PM,47,31,16
11/07/2014 04:00:00 PM,80,59,21
11/07/2014 05:00:00 PM,99,82,17
11/07/2014 06:00:00 PM,51,42,9
11/07/2014 07:00:00 PM,22,12,10
11/07/2014 08:00:00 PM,9,7,2
11/07/2014 09:00:00 PM,7,5,2
11/07/2014 10:00:00 PM,6,5,1
11/07/2014 11:00:00 PM,6,5,1
11/08/2014 12:00:00 AM,4,4,0
11/08/2014 01:00:00 AM,2,2,0
11/08/2014 02:00:00 AM,5,5,0
11/08/2014 03:00:00 AM,1,1,0
11/08/2014 04:00:00 AM,1,1,0
11/08/2014 05:00:00 AM,8,1,7
11/08/2014 06:00:00 AM,3,0,3
11/08/2014 07:00:00 AM,10,3,7
11/08/2014 08:00:00 AM,31,8,23
11/08/2014 09:00:00 AM,41,23,18
11/08/2014 10:00:00 AM,32,18,14
11/08/2014 11:00:00 AM,80,42,38
11/08/2014 12:00:00 PM,65,26,39
11/08/2014 01:00:00 PM,63,24,39
11/08/2014 02:00:00 PM,71,31,40
11/08/2014 03:00:00 PM,50,33,17
11/08/2014 04:00:00 PM,40,17,23
11/08/2014 05:00:00 PM,27,12,15
11/08/2014 06:00:00 PM,11,6,5
11/08/2014 07:00:00 PM,9,5,4
11/08/2014 08:00:00 PM,6,1,5
11/08/2014 09:00:00 PM,6,5,1
11/08/2014 10:00:00 PM,0,0,0
11/08/2014 11:00:00 PM,2,2,0
11/09/2014 12:00:00 AM,1,1,0
11/09/2014 01:00:00 AM,2,2,0
11/09/2014 02:00:00 AM,2,0,2
11/09/2014 03:00:00 AM,1,1,0
11/09/2014 04:00:00 AM,2,1,1
11/09/2014 05:00:00 AM,5,3,2
11/09/2014 06:00:00 AM,4,2,2
11/09/2014 07:00:00 AM,3,0,3
11/09/2014 08:00:00 AM,6,2,4
11/09/2014 09:00:00 AM,9,2,7
11/09/2014 10:00:00 AM,11,2,9
11/09/2014 11:00:00 AM,17,6,11
11/09/2014 12:00:00 PM,16,7,9
11/09/2014 01:00:00 PM,20,11,9
11/09/2014 02:00:00 PM,13,7,6
11/09/2014 03:00:00 PM,7,4,3
11/09/2014 04:00:00 PM,11,7,4
11/09/2014 05:00:00 PM,10,6,4
11/09/2014 06:00:00 PM,5,5,0
11/09/2014 07:00:00 PM,7,3,4
11/09/2014 08:00:00 PM,4,1,3
11/09/2014 09:00:00 PM,2,2,0
11/09/2014 10:00:00 PM,3,2,1
11/09/2014 11:00:00 PM,2,2,0
11/10/2014 12:00:00 AM,0,0,0
11/10/2014 01:00:00 AM,2,1,1
11/10/2014 02:00:00 AM,0,0,0
11/10/2014 03:00:00 AM,1,0,1
11/10/2014 04:00:00 AM,6,1,5
11/10/2014 05:00:00 AM,19,5,14
11/10/2014 06:00:00 AM,38,9,29
11/10/2014 07:00:00 AM,120,9,111
11/10/2014 08:00:00 AM,88,6,82
11/10/2014 09:00:00 AM,42,4,38
11/10/2014 10:00:00 AM,20,1,19
11/10/2014 11:00:00 AM,15,6,9
11/10/2014 12:00:00 PM,28,12,16
11/10/2014 01:00:00 PM,23,12,11
11/10/2014 02:00:00 PM,36,23,13
11/10/2014 03:00:00 PM,41,24,17
11/10/2014 04:00:00 PM,86,67,19
11/10/2014 05:00:00 PM,125,99,26
11/10/2014 06:00:00 PM,74,68,6
11/10/2014 07:00:00 PM,27,21,6
11/10/2014 08:00:00 PM,9,7,2
11/10/2014 09:00:00 PM,7,4,3
11/10/2014 10:00:00 PM,16,12,4
11/10/2014 11:00:00 PM,3,3,0
11/11/2014 12:00:00 AM,2,2,0
11/11/2014 01:00:00 AM,1,1,0
11/11/2014 02:00:00 AM,2,2,0
11/11/2014 03:00:00 AM,0,0,0
11/11/2014 04:00:00 AM,3,2,1
11/11/2014 05:00:00 AM,13,4,9
11/11/2014 06:00:00 AM,39,7,32
11/11/2014 07:00:00 AM,87,5,82
11/11/2014 08:00:00 AM,78,10,68
11/11/2014 09:00:00 AM,43,8,35
11/11/2014 10:00:00 AM,27,7,20
11/11/2014 11:00:00 AM,23,7,16
11/11/2014 12:00:00 PM,23,13,10
11/11/2014 01:00:00 PM,29,11,18
11/11/2014 02:00:00 PM,34,19,15
11/11/2014 03:00:00 PM,38,27,11
11/11/2014 04:00:00 PM,72,50,22
11/11/2014 05:00:00 PM,88,76,12
11/11/2014 06:00:00 PM,55,45,10
11/11/2014 07:00:00 PM,27,23,4
11/11/2014 08:00:00 PM,9,7,2
11/11/2014 09:00:00 PM,4,4,0
11/11/2014 10:00:00 PM,2,2,0
11/11/2014 11:00:00 PM,1,1,0
11/12/2014 12:00:00 AM,0,0,0
11/12/2014 01:00:00 AM,2,2,0
11/12/2014 02:00:00 AM,1,1,0
11/12/2014 03:00:00 AM,0,0,0
11/12/2014 04:00:00 AM,9,2,7
11/12/2014 05:00:00 AM,25,6,19
11/12/2014 06:00:00 AM,45,4,41
11/12/2014 07:00:00 AM,84,12,72
11/12/2014 08:00:00 AM,87,7,80
11/12/2014 09:00:00 AM,43,9,34
11/12/2014 10:00:00 AM,24,11,13
11/12/2014 11:00:00 AM,13,5,8
11/12/2014 12:00:00 PM,11,4,7
11/12/2014 01:00:00 PM,14,7,7
11/12/2014 02:00:00 PM,24,16,8
11/12/2014 03:00:00 PM,38,28,10
11/12/2014 04:00:00 PM,60,47,13
11/12/2014 05:00:00 PM,93,79,14
11/12/2014 06:00:00 PM,62,51,11
11/12/2014 07:00:00 PM,21,16,5
11/12/2014 08:00:00 PM,15,11,4
11/12/2014 09:00:00 PM,12,10,2
11/12/2014 10:00:00 PM,4,3,1
11/12/2014 11:00:00 PM,2,1,1
11/13/2014 12:00:00 AM,1,1,0
11/13/2014 01:00:00 AM,1,1,0
11/13/2014 02:00:00 AM,2,0,2
11/13/2014 03:00:00 AM,0,0,0
11/13/2014 04:00:00 AM,6,1,5
11/13/2014 05:00:00 AM,20,4,16
11/13/2014 06:00:00 AM,47,3,44
11/13/2014 07:00:00 AM,87,17,70
11/13/2014 08:00:00 AM,72,6,66
11/13/2014 09:00:00 AM,32,0,32
11/13/2014 10:00:00 AM,16,0,16
11/13/2014 11:00:00 AM,16,6,10
11/13/2014 12:00:00 PM,13,5,8
11/13/2014 01:00:00 PM,16,10,6
11/13/2014 02:00:00 PM,25,18,7
11/13/2014 03:00:00 PM,32,23,9
11/13/2014 04:00:00 PM,51,41,10
11/13/2014 05:00:00 PM,95,84,11
11/13/2014 06:00:00 PM,63,55,8
11/13/2014 07:00:00 PM,22,15,7
11/13/2014 08:00:00 PM,9,7,2
11/13/2014 09:00:00 PM,8,6,2
11/13/2014 10:00:00 PM,7,4,3
11/13/2014 11:00:00 PM,2,1,1
11/14/2014 12:00:00 AM,1,1,0
11/14/2014 01:00:00 AM,0,0,0
11/14/2014 02:00:00 AM,1,1,0
11/14/2014 03:00:00 AM,1,0,1
11/14/2014 04:00:00 AM,2,0,2
11/14/2014 05:00:00 AM,16,4,12
11/14/2014 06:00:00 AM,31,6,25
11/14/2014 07:00:00 AM,80,9,71
11/14/2014 08:00:00 AM,59,3,56
11/14/2014 09:00:00 AM,28,2,26
11/14/2014 10:00:00 AM,11,1,10
11/14/2014 11:00:00 AM,10,7,3
11/14/2014 12:00:00 PM,22,9,13
11/14/2014 01:00:00 PM,21,12,9
11/14/2014 02:00:00 PM,28,14,14
11/14/2014 03:00:00 PM,32,22,10
11/14/2014 04:00:00 PM,65,45,20
11/14/2014 05:00:00 PM,68,59,9
11/14/2014 06:00:00 PM,38,34,4
11/14/2014 07:00:00 PM,17,13,4
11/14/2014 08:00:00 PM,5,4,1
11/14/2014 09:00:00 PM,6,4,2
11/14/2014 10:00:00 PM,5,4,1
11/14/2014 11:00:00 PM,9,4,5
11/15/2014 12:00:00 AM,0,0,0
11/15/2014 01:00:00 AM,1,1,0
11/15/2014 02:00:00 AM,0,0,0
11/15/2014 03:00:00 AM,3,2,1
11/15/2014 04:00:00 AM,1,1,0
11/15/2014 05:00:00 AM,5,0,5
11/15/2014 06:00:00 AM,7,2,5
11/15/2014 07:00:00 AM,3,0,3
11/15/2014 08:00:00 AM,13,2,11
11/15/2014 09:00:00 AM,27,10,17
11/15/2014 10:00:00 AM,27,15,12
11/15/2014 11:00:00 AM,37,13,24
11/15/2014 12:00:00 PM,49,24,25
11/15/2014 01:00:00 PM,33,19,14
11/15/2014 02:00:00 PM,36,22,14
11/15/2014 03:00:00 PM,27,22,5
11/15/2014 04:00:00 PM,24,14,10
11/15/2014 05:00:00 PM,16,5,11
11/15/2014 06:00:00 PM,18,11,7
11/15/2014 07:00:00 PM,4,2,2
11/15/2014 08:00:00 PM,1,1,0
11/15/2014 09:00:00 PM,4,4,0
11/15/2014 10:00:00 PM,2,2,0
11/15/2014 11:00:00 PM,1,0,1
11/16/2014 12:00:00 AM,4,0,4
11/16/2014 01:00:00 AM,1,1,0
11/16/2014 02:00:00 AM,3,1,2
11/16/2014 03:00:00 AM,2,1,1
11/16/2014 04:00:00 AM,1,1,0
11/16/2014 05:00:00 AM,3,0,3
11/16/2014 06:00:00 AM,3,1,2
11/16/2014 07:00:00 AM,8,4,4
11/16/2014 08:00:00 AM,9,4,5
11/16/2014 09:00:00 AM,16,8,8
11/16/2014 10:00:00 AM,18,3,15
11/16/2014 11:00:00 AM,22,10,12
11/16/2014 12:00:00 PM,20,14,6
11/16/2014 01:00:00 PM,30,16,14
11/16/2014 02:00:00 PM,48,31,17
11/16/2014 03:00:00 PM,40,16,24
11/16/2014 04:00:00 PM,18,9,9
11/16/2014 05:00:00 PM,15,7,8
11/16/2014 06:00:00 PM,5,5,0
11/16/2014 07:00:00 PM,4,2,2
11/16/2014 08:00:00 PM,2,1,1
11/16/2014 09:00:00 PM,3,2,1
11/16/2014 10:00:00 PM,3,2,1
11/16/2014 11:00:00 PM,2,1,1
11/17/2014 12:00:00 AM,1,1,0
11/17/2014 01:00:00 AM,0,0,0
11/17/2014 02:00:00 AM,0,0,0
11/17/2014 03:00:00 AM,2,1,1
11/17/2014 04:00:00 AM,4,2,2
11/17/2014 05:00:00 AM,23,4,19
11/17/2014 06:00:00 AM,60,12,48
11/17/2014 07:00:00 AM,101,10,91
11/17/2014 08:00:00 AM,98,8,90
11/17/2014 09:00:00 AM,35,2,33
11/17/2014 10:00:00 AM,16,4,12
11/17/2014 11:00:00 AM,8,4,4
11/17/2014 12:00:00 PM,11,5,6
11/17/2014 01:00:00 PM,19,7,12
11/17/2014 02:00:00 PM,31,19,12
11/17/2014 03:00:00 PM,37,27,10
11/17/2014 04:00:00 PM,80,68,12
11/17/2014 05:00:00 PM,116,102,14
11/17/2014 06:00:00 PM,59,57,2
11/17/2014 07:00:00 PM,24,21,3
11/17/2014 08:00:00 PM,14,9,5
11/17/2014 09:00:00 PM,2,1,1
11/17/2014 10:00:00 PM,5,3,2
11/17/2014 11:00:00 PM,2,1,1
11/18/2014 12:00:00 AM,3,3,0
11/18/2014 01:00:00 AM,2,1,1
11/18/2014 02:00:00 AM,3,1,2
11/18/2014 03:00:00 AM,0,0,0
11/18/2014 04:00:00 AM,0,0,0
11/18/2014 05:00:00 AM,19,3,16
11/18/2014 06:00:00 AM,52,6,46
11/18/2014 07:00:00 AM,102,16,86
11/18/2014 08:00:00 AM,94,9,85
11/18/2014 09:00:00 AM,43,6,37
11/18/2014 10:00:00 AM,19,7,12
11/18/2014 11:00:00 AM,11,6,5
11/18/2014 12:00:00 PM,20,6,14
11/18/2014 01:00:00 PM,16,6,10
11/18/2014 02:00:00 PM,21,15,6
11/18/2014 03:00:00 PM,33,27,6
11/18/2014 04:00:00 PM,67,52,15
11/18/2014 05:00:00 PM,102,89,13
11/18/2014 06:00:00 PM,68,59,9
11/18/2014 07:00:00 PM,24,22,2
11/18/2014 08:00:00 PM,18,12,6
11/18/2014 09:00:00 PM,7,5,2
11/18/2014 10:00:00 PM,3,3,0
11/18/2014 11:00:00 PM,3,0,3
11/19/2014 12:00:00 AM,1,1,0
11/19/2014 01:00:00 AM,1,1,0
11/19/2014 02:00:00 AM,5,1,4
11/19/2014 03:00:00 AM,1,1,0
11/19/2014 04:00:00 AM,3,1,2
11/19/2014 05:00:00 AM,20,3,17
11/19/2014 06:00:00 AM,55,8,47
11/19/2014 07:00:00 AM,109,12,97
11/19/2014 08:00:00 AM,89,8,81
11/19/2014 09:00:00 AM,34,6,28
11/19/2014 10:00:00 AM,17,5,12
11/19/2014 11:00:00 AM,24,8,16
11/19/2014 12:00:00 PM,17,6,11
11/19/2014 01:00:00 PM,21,11,10
11/19/2014 02:00:00 PM,27,16,11
11/19/2014 03:00:00 PM,40,32,8
11/19/2014 04:00:00 PM,65,52,13
11/19/2014 05:00:00 PM,100,88,12
11/19/2014 06:00:00 PM,74,65,9
11/19/2014 07:00:00 PM,20,16,4
11/19/2014 08:00:00 PM,12,8,4
11/19/2014 09:00:00 PM,20,16,4
11/19/2014 10:00:00 PM,5,3,2
11/19/2014 11:00:00 PM,8,4,4
11/20/2014 12:00:00 AM,1,1,0
11/20/2014 01:00:00 AM,0,0,0
11/20/2014 02:00:00 AM,0,0,0
11/20/2014 03:00:00 AM,4,1,3
11/20/2014 04:00:00 AM,1,0,1
11/20/2014 05:00:00 AM,20,5,15
11/20/2014 06:00:00 AM,50,6,44
11/20/2014 07:00:00 AM,102,11,91
11/20/2014 08:00:00 AM,75,3,72
11/20/2014 09:00:00 AM,50,14,36
11/20/2014 10:00:00 AM,13,2,11
11/20/2014 11:00:00 AM,15,7,8
11/20/2014 12:00:00 PM,9,3,6
11/20/2014 01:00:00 PM,16,8,8
11/20/2014 02:00:00 PM,18,10,8
11/20/2014 03:00:00 PM,30,23,7
11/20/2014 04:00:00 PM,52,45,7
11/20/2014 05:00:00 PM,101,89,12
11/20/2014 06:00:00 PM,67,55,12
11/20/2014 07:00:00 PM,23,19,4
11/20/2014 08:00:00 PM,16,13,3
11/20/2014 09:00:00 PM,12,9,3
11/20/2014 10:00:00 PM,6,5,1
11/20/2014 11:00:00 PM,14,10,4
11/21/2014 12:00:00 AM,0,0,0
11/21/2014 01:00:00 AM,8,1,7
11/21/2014 02:00:00 AM,2,1,1
11/21/2014 03:00:00 AM,4,1,3
11/21/2014 04:00:00 AM,0,0,0
11/21/2014 05:00:00 AM,18,2,16
11/21/2014 06:00:00 AM,30,6,24
11/21/2014 07:00:00 AM,62,6,56
11/21/2014 08:00:00 AM,69,11,58
11/21/2014 09:00:00 AM,29,3,26
11/21/2014 10:00:00 AM,8,1,7
11/21/2014 11:00:00 AM,5,1,4
11/21/2014 12:00:00 PM,4,2,2
11/21/2014 01:00:00 PM,11,6,5
11/21/2014 02:00:00 PM,5,3,2
11/21/2014 03:00:00 PM,19,15,4
11/21/2014 04:00:00 PM,37,28,9
11/21/2014 05:00:00 PM,51,43,8
11/21/2014 06:00:00 PM,36,35,1
11/21/2014 07:00:00 PM,15,10,5
11/21/2014 08:00:00 PM,13,11,2
11/21/2014 09:00:00 PM,5,2,3
11/21/2014 10:00:00 PM,1,0,1
11/21/2014 11:00:00 PM,4,3,1
11/22/2014 12:00:00 AM,1,1,0
11/22/2014 01:00:00 AM,2,1,1
11/22/2014 02:00:00 AM,2,1,1
11/22/2014 03:00:00 AM,0,0,0
11/22/2014 04:00:00 AM,1,1,0
11/22/2014 05:00:00 AM,6,0,6
11/22/2014 06:00:00 AM,4,1,3
11/22/2014 07:00:00 AM,5,0,5
11/22/2014 08:00:00 AM,10,5,5
11/22/2014 09:00:00 AM,15,4,11
11/22/2014 10:00:00 AM,9,2,7
11/22/2014 11:00:00 AM,18,10,8
11/22/2014 12:00:00 PM,19,11,8
11/22/2014 01:00:00 PM,12,6,6
11/22/2014 02:00:00 PM,36,18,18
11/22/2014 03:00:00 PM,26,17,9
11/22/2014 04:00:00 PM,25,15,10
11/22/2014 05:00:00 PM,15,10,5
11/22/2014 06:00:00 PM,7,4,3
11/22/2014 07:00:00 PM,5,2,3
11/22/2014 08:00:00 PM,3,1,2
11/22/2014 09:00:00 PM,5,1,4
11/22/2014 10:00:00 PM,3,2,1
11/22/2014 11:00:00 PM,2,0,2
11/23/2014 12:00:00 AM,5,5,0
11/23/2014 01:00:00 AM,0,0,0
11/23/2014 02:00:00 AM,2,2,0
11/23/2014 03:00:00 AM,1,0,1
11/23/2014 04:00:00 AM,2,2,0
11/23/2014 05:00:00 AM,8,1,7
11/23/2014 06:00:00 AM,3,2,1
11/23/2014 07:00:00 AM,1,1,0
11/23/2014 08:00:00 AM,4,1,3
11/23/2014 09:00:00 AM,6,2,4
11/23/2014 10:00:00 AM,5,2,3
11/23/2014 11:00:00 AM,13,4,9
11/23/2014 12:00:00 PM,23,8,15
11/23/2014 01:00:00 PM,18,10,8
11/23/2014 02:00:00 PM,32,20,12
11/23/2014 03:00:00 PM,30,14,16
11/23/2014 04:00:00 PM,32,18,14
11/23/2014 05:00:00 PM,24,11,13
11/23/2014 06:00:00 PM,7,4,3
11/23/2014 07:00:00 PM,6,4,2
11/23/2014 08:00:00 PM,2,1,1
11/23/2014 09:00:00 PM,2,1,1
11/23/2014 10:00:00 PM,2,2,0
11/23/2014 11:00:00 PM,2,0,2
11/24/2014 12:00:00 AM,2,1,1
11/24/2014 01:00:00 AM,0,0,0
11/24/2014 02:00:00 AM,1,0,1
11/24/2014 03:00:00 AM,1,0,1
11/24/2014 04:00:00 AM,4,0,4
11/24/2014 05:00:00 AM,20,4,16
11/24/2014 06:00:00 AM,46,6,40
11/24/2014 07:00:00 AM,108,13,95
11/24/2014 08:00:00 AM,76,6,70
11/24/2014 09:00:00 AM,46,7,39
11/24/2014 10:00:00 AM,11,0,11
11/24/2014 11:00:00 AM,13,4,9
11/24/2014 12:00:00 PM,12,9,3
11/24/2014 01:00:00 PM,13,4,9
11/24/2014 02:00:00 PM,23,12,11
11/24/2014 03:00:00 PM,29,24,5
11/24/2014 04:00:00 PM,54,45,9
11/24/2014 05:00:00 PM,95,82,13
11/24/2014 06:00:00 PM,62,58,4
11/24/2014 07:00:00 PM,17,14,3
11/24/2014 08:00:00 PM,9,5,4
11/24/2014 09:00:00 PM,6,5,1
11/24/2014 10:00:00 PM,2,1,1
11/24/2014 11:00:00 PM,6,4,2
11/25/2014 12:00:00 AM,1,1,0
11/25/2014 01:00:00 AM,2,1,1
11/25/2014 02:00:00 AM,0,0,0
11/25/2014 03:00:00 AM,5,2,3
11/25/2014 04:00:00 AM,1,0,1
11/25/2014 05:00:00 AM,12,2,10
11/25/2014 06:00:00 AM,28,3,25
11/25/2014 07:00:00 AM,77,5,72
11/25/2014 08:00:00 AM,64,3,61
11/25/2014 09:00:00 AM,33,1,32
11/25/2014 10:00:00 AM,15,2,13
11/25/2014 11:00:00 AM,9,3,6
11/25/2014 12:00:00 PM,6,3,3
11/25/2014 01:00:00 PM,10,4,6
11/25/2014 02:00:00 PM,13,8,5
11/25/2014 03:00:00 PM,23,15,8
11/25/2014 04:00:00 PM,36,32,4
11/25/2014 05:00:00 PM,88,75,13
11/25/2014 06:00:00 PM,42,37,5
11/25/2014 07:00:00 PM,19,18,1
11/25/2014 08:00:00 PM,5,3,2
11/25/2014 09:00:00 PM,8,7,1
11/25/2014 10:00:00 PM,3,2,1
11/25/2014 11:00:00 PM,2,2,0
11/26/2014 12:00:00 AM,2,1,1
11/26/2014 01:00:00 AM,0,0,0
11/26/2014 02:00:00 AM,0,0,0
11/26/2014 03:00:00 AM,0,0,0
11/26/2014 04:00:00 AM,2,0,2
11/26/2014 05:00:00 AM,22,4,19
11/26/2014 06:00:00 AM,50,5,43
11/26/2014 07:00:00 AM,100,13,86
11/26/2014 08:00:00 AM,110,10,100
11/26/2014 09:00:00 AM,45,5,40
11/26/2014 10:00:00 AM,22,7,16
11/26/2014 11:00:00 AM,17,7,12
11/26/2014 12:00:00 PM,24,12,11
11/26/2014 01:00:00 PM,22,9,14
11/26/2014 02:00:00 PM,28,16,11
11/26/2014 03:00:00 PM,42,30,12
11/26/2014 04:00:00 PM,71,56,16
11/26/2014 05:00:00 PM,111,95,18
11/26/2014 06:00:00 PM,71,61,10
11/26/2014 07:00:00 PM,21,17,3
11/26/2014 08:00:00 PM,16,12,5
11/26/2014 09:00:00 PM,14,12,4
11/26/2014 10:00:00 PM,7,6,2
11/26/2014 11:00:00 PM,5,4,2
11/27/2014 12:00:00 AM,1,1,0
11/27/2014 01:00:00 AM,1,0,1
11/27/2014 02:00:00 AM,2,1,1
11/27/2014 03:00:00 AM,2,0,2
11/27/2014 04:00:00 AM,1,1,0
11/27/2014 05:00:00 AM,4,0,4
11/27/2014 06:00:00 AM,4,0,4
11/27/2014 07:00:00 AM,5,3,2
11/27/2014 08:00:00 AM,13,4,9
11/27/2014 09:00:00 AM,17,6,11
11/27/2014 10:00:00 AM,11,4,7
11/27/2014 11:00:00 AM,16,13,3
11/27/2014 12:00:00 PM,15,8,7
11/27/2014 01:00:00 PM,22,12,10
11/27/2014 02:00:00 PM,6,3,3
11/27/2014 03:00:00 PM,15,9,6
11/27/2014 04:00:00 PM,8,3,5
11/27/2014 05:00:00 PM,1,0,1
11/27/2014 06:00:00 PM,5,3,2
11/27/2014 07:00:00 PM,6,0,6
11/27/2014 08:00:00 PM,5,3,2
11/27/2014 09:00:00 PM,2,1,1
11/27/2014 10:00:00 PM,2,1,1
11/27/2014 11:00:00 PM,5,1,4
11/28/2014 12:00:00 AM,6,5,1
11/28/2014 01:00:00 AM,4,3,1
11/28/2014 02:00:00 AM,0,0,0
11/28/2014 03:00:00 AM,0,0,0
11/28/2014 04:00:00 AM,2,0,2
11/28/2014 05:00:00 AM,8,2,6
11/28/2014 06:00:00 AM,14,5,9
11/28/2014 07:00:00 AM,6,2,4
11/28/2014 08:00:00 AM,9,1,8
11/28/2014 09:00:00 AM,11,3,8
11/28/2014 10:00:00 AM,8,2,6
11/28/2014 11:00:00 AM,5,2,3
11/28/2014 12:00:00 PM,2,0,2
11/28/2014 01:00:00 PM,6,5,1
11/28/2014 02:00:00 PM,7,4,3
11/28/2014 03:00:00 PM,6,5,1
11/28/2014 04:00:00 PM,5,4,1
11/28/2014 05:00:00 PM,5,4,1
11/28/2014 06:00:00 PM,3,2,1
11/28/2014 07:00:00 PM,5,3,2
11/28/2014 08:00:00 PM,3,2,1
11/28/2014 09:00:00 PM,1,1,0
11/28/2014 10:00:00 PM,2,2,0
11/28/2014 11:00:00 PM,1,1,0
11/29/2014 12:00:00 AM,0,0,0
11/29/2014 01:00:00 AM,0,0,0
11/29/2014 02:00:00 AM,0,0,0
11/29/2014 03:00:00 AM,3,1,2
11/29/2014 04:00:00 AM,1,0,1
11/29/2014 05:00:00 AM,1,0,1
11/29/2014 06:00:00 AM,0,0,0
11/29/2014 07:00:00 AM,2,0,2
11/29/2014 08:00:00 AM,3,0,3
11/29/2014 09:00:00 AM,2,1,1
11/29/2014 10:00:00 AM,4,2,2
11/29/2014 11:00:00 AM,3,1,2
11/29/2014 12:00:00 PM,3,2,1
11/29/2014 01:00:00 PM,5,3,2
11/29/2014 02:00:00 PM,5,1,4
11/29/2014 03:00:00 PM,6,2,4
11/29/2014 04:00:00 PM,3,2,1
11/29/2014 05:00:00 PM,7,6,1
11/29/2014 06:00:00 PM,4,3,1
11/29/2014 07:00:00 PM,3,2,1
11/29/2014 08:00:00 PM,0,0,0
11/29/2014 09:00:00 PM,0,0,0
11/29/2014 10:00:00 PM,0,0,0
11/29/2014 11:00:00 PM,1,0,1
11/30/2014 12:00:00 AM,2,0,2
11/30/2014 01:00:00 AM,0,0,0
11/30/2014 02:00:00 AM,0,0,0
11/30/2014 03:00:00 AM,2,1,1
11/30/2014 04:00:00 AM,2,2,0
11/30/2014 05:00:00 AM,4,2,2
11/30/2014 06:00:00 AM,1,0,1
11/30/2014 07:00:00 AM,1,1,0
11/30/2014 08:00:00 AM,3,2,1
11/30/2014 09:00:00 AM,3,0,3
11/30/2014 10:00:00 AM,3,1,2
11/30/2014 11:00:00 AM,12,4,8
11/30/2014 12:00:00 PM,14,8,6
11/30/2014 01:00:00 PM,15,5,10
11/30/2014 02:00:00 PM,12,5,7
11/30/2014 03:00:00 PM,15,3,12
11/30/2014 04:00:00 PM,13,9,4
11/30/2014 05:00:00 PM,3,2,1
11/30/2014 06:00:00 PM,2,2,0
11/30/2014 07:00:00 PM,2,1,1
11/30/2014 08:00:00 PM,3,3,0
11/30/2014 09:00:00 PM,9,5,4
11/30/2014 10:00:00 PM,2,1,1
11/30/2014 11:00:00 PM,1,1,0
12/01/2014 12:00:00 AM,0,0,0
12/01/2014 01:00:00 AM,0,0,0
12/01/2014 02:00:00 AM,1,0,1
12/01/2014 03:00:00 AM,2,1,1
12/01/2014 04:00:00 AM,3,0,3
12/01/2014 05:00:00 AM,11,1,10
12/01/2014 06:00:00 AM,23,4,19
12/01/2014 07:00:00 AM,54,11,43
12/01/2014 08:00:00 AM,59,3,56
12/01/2014 09:00:00 AM,19,5,14
12/01/2014 10:00:00 AM,4,1,3
12/01/2014 11:00:00 AM,14,10,4
12/01/2014 12:00:00 PM,22,7,15
12/01/2014 01:00:00 PM,8,3,5
12/01/2014 02:00:00 PM,12,4,8
12/01/2014 03:00:00 PM,18,13,5
12/01/2014 04:00:00 PM,36,26,10
12/01/2014 05:00:00 PM,68,59,9
12/01/2014 06:00:00 PM,43,40,3
12/01/2014 07:00:00 PM,10,9,1
12/01/2014 08:00:00 PM,5,4,1
12/01/2014 09:00:00 PM,5,3,2
12/01/2014 10:00:00 PM,4,1,3
12/01/2014 11:00:00 PM,1,0,1
12/02/2014 12:00:00 AM,1,1,0
12/02/2014 01:00:00 AM,1,1,0
12/02/2014 02:00:00 AM,1,0,1
12/02/2014 03:00:00 AM,3,3,0
12/02/2014 04:00:00 AM,0,0,0
12/02/2014 05:00:00 AM,13,2,11
12/02/2014 06:00:00 AM,41,4,37
12/02/2014 07:00:00 AM,64,8,56
12/02/2014 08:00:00 AM,71,9,62
12/02/2014 09:00:00 AM,30,3,27
12/02/2014 10:00:00 AM,8,3,5
12/02/2014 11:00:00 AM,8,4,4
12/02/2014 12:00:00 PM,12,7,5
12/02/2014 01:00:00 PM,15,7,8
12/02/2014 02:00:00 PM,16,10,6
12/02/2014 03:00:00 PM,16,15,1
12/02/2014 04:00:00 PM,52,39,13
12/02/2014 05:00:00 PM,87,77,10
12/02/2014 06:00:00 PM,39,35,4
12/02/2014 07:00:00 PM,16,14,2
12/02/2014 08:00:00 PM,6,5,1
12/02/2014 09:00:00 PM,5,4,1
12/02/2014 10:00:00 PM,1,0,1
12/02/2014 11:00:00 PM,4,2,2
12/03/2014 12:00:00 AM,0,0,0
12/03/2014 01:00:00 AM,1,1,0
12/03/2014 02:00:00 AM,3,2,1
12/03/2014 03:00:00 AM,1,0,1
12/03/2014 04:00:00 AM,5,1,4
12/03/2014 05:00:00 AM,13,3,10
12/03/2014 06:00:00 AM,37,2,35
12/03/2014 07:00:00 AM,74,7,67
12/03/2014 08:00:00 AM,64,7,57
12/03/2014 09:00:00 AM,27,1,26
12/03/2014 10:00:00 AM,12,3,9
12/03/2014 11:00:00 AM,12,3,9
12/03/2014 12:00:00 PM,13,4,9
12/03/2014 01:00:00 PM,12,8,4
12/03/2014 02:00:00 PM,15,8,7
12/03/2014 03:00:00 PM,27,19,8
12/03/2014 04:00:00 PM,58,43,15
12/03/2014 05:00:00 PM,80,69,11
12/03/2014 06:00:00 PM,49,47,2
12/03/2014 07:00:00 PM,23,20,3
12/03/2014 08:00:00 PM,9,7,2
12/03/2014 09:00:00 PM,7,4,3
12/03/2014 10:00:00 PM,2,2,0
12/03/2014 11:00:00 PM,2,2,0
12/04/2014 12:00:00 AM,2,1,1
12/04/2014 01:00:00 AM,0,0,0
12/04/2014 02:00:00 AM,2,1,1
12/04/2014 03:00:00 AM,2,1,1
12/04/2014 04:00:00 AM,1,0,1
12/04/2014 05:00:00 AM,15,3,12
12/04/2014 06:00:00 AM,30,6,24
12/04/2014 07:00:00 AM,88,14,74
12/04/2014 08:00:00 AM,75,6,69
12/04/2014 09:00:00 AM,31,1,30
12/04/2014 10:00:00 AM,6,1,5
12/04/2014 11:00:00 AM,14,4,10
12/04/2014 12:00:00 PM,6,3,3
12/04/2014 01:00:00 PM,11,4,7
12/04/2014 02:00:00 PM,17,11,6
12/04/2014 03:00:00 PM,19,13,6
12/04/2014 04:00:00 PM,44,37,7
12/04/2014 05:00:00 PM,98,80,18
12/04/2014 06:00:00 PM,50,45,5
12/04/2014 07:00:00 PM,22,21,1
12/04/2014 08:00:00 PM,9,8,1
12/04/2014 09:00:00 PM,8,5,3
12/04/2014 10:00:00 PM,0,0,0
12/04/2014 11:00:00 PM,4,3,1
12/05/2014 12:00:00 AM,3,2,1
12/05/2014 01:00:00 AM,0,0,0
12/05/2014 02:00:00 AM,1,1,0
12/05/2014 03:00:00 AM,3,0,3
12/05/2014 04:00:00 AM,1,0,1
12/05/2014 05:00:00 AM,12,4,8
12/05/2014 06:00:00 AM,37,2,35
12/05/2014 07:00:00 AM,66,13,53
12/05/2014 08:00:00 AM,74,6,68
12/05/2014 09:00:00 AM,23,3,20
12/05/2014 10:00:00 AM,9,2,7
12/05/2014 11:00:00 AM,8,4,4
12/05/2014 12:00:00 PM,11,6,5
12/05/2014 01:00:00 PM,5,3,2
12/05/2014 02:00:00 PM,20,11,9
12/05/2014 03:00:00 PM,19,14,5
12/05/2014 04:00:00 PM,44,33,11
12/05/2014 05:00:00 PM,72,59,13
12/05/2014 06:00:00 PM,41,35,6
12/05/2014 07:00:00 PM,16,12,4
12/05/2014 08:00:00 PM,11,7,4
12/05/2014 09:00:00 PM,11,9,2
12/05/2014 10:00:00 PM,2,2,0
12/05/2014 11:00:00 PM,4,3,1
12/06/2014 12:00:00 AM,3,2,1
12/06/2014 01:00:00 AM,1,0,1
12/06/2014 02:00:00 AM,3,2,1
12/06/2014 03:00:00 AM,4,3,1
12/06/2014 04:00:00 AM,0,0,0
12/06/2014 05:00:00 AM,3,0,3
12/06/2014 06:00:00 AM,8,3,5
12/06/2014 07:00:00 AM,16,10,6
12/06/2014 08:00:00 AM,19,8,11
12/06/2014 09:00:00 AM,20,8,12
12/06/2014 10:00:00 AM,18,11,7
12/06/2014 11:00:00 AM,21,12,9
12/06/2014 12:00:00 PM,17,8,9
12/06/2014 01:00:00 PM,20,10,10
12/06/2014 02:00:00 PM,24,7,17
12/06/2014 03:00:00 PM,16,9,7
12/06/2014 04:00:00 PM,15,10,5
12/06/2014 05:00:00 PM,4,2,2
12/06/2014 06:00:00 PM,15,9,6
12/06/2014 07:00:00 PM,11,7,4
12/06/2014 08:00:00 PM,5,2,3
12/06/2014 09:00:00 PM,2,0,2
12/06/2014 10:00:00 PM,3,1,2
12/06/2014 11:00:00 PM,6,4,2
12/07/2014 12:00:00 AM,5,0,5
12/07/2014 01:00:00 AM,3,1,2
12/07/2014 02:00:00 AM,2,2,0
12/07/2014 03:00:00 AM,3,2,1
12/07/2014 04:00:00 AM,1,1,0
12/07/2014 05:00:00 AM,3,0,3
12/07/2014 06:00:00 AM,1,0,1
12/07/2014 07:00:00 AM,7,2,5
12/07/2014 08:00:00 AM,13,2,11
12/07/2014 09:00:00 AM,26,11,15
12/07/2014 10:00:00 AM,31,14,17
12/07/2014 11:00:00 AM,47,29,18
12/07/2014 12:00:00 PM,57,27,30
12/07/2014 01:00:00 PM,35,9,26
12/07/2014 02:00:00 PM,32,18,14
12/07/2014 03:00:00 PM,36,19,17
12/07/2014 04:00:00 PM,36,16,20
12/07/2014 05:00:00 PM,19,10,9
12/07/2014 06:00:00 PM,6,5,1
12/07/2014 07:00:00 PM,4,2,2
12/07/2014 08:00:00 PM,8,5,3
12/07/2014 09:00:00 PM,4,1,3
12/07/2014 10:00:00 PM,6,6,0
12/07/2014 11:00:00 PM,7,3,4
12/08/2014 12:00:00 AM,0,0,0
12/08/2014 01:00:00 AM,0,0,0
12/08/2014 02:00:00 AM,2,0,2
12/08/2014 03:00:00 AM,3,0,3
12/08/2014 04:00:00 AM,3,1,2
12/08/2014 05:00:00 AM,21,2,19
12/08/2014 06:00:00 AM,57,6,51
12/08/2014 07:00:00 AM,103,11,92
12/08/2014 08:00:00 AM,79,6,73
12/08/2014 09:00:00 AM,41,3,38
12/08/2014 10:00:00 AM,15,2,13
12/08/2014 11:00:00 AM,21,11,10
12/08/2014 12:00:00 PM,22,8,14
12/08/2014 01:00:00 PM,19,12,7
12/08/2014 02:00:00 PM,18,10,8
12/08/2014 03:00:00 PM,34,29,5
12/08/2014 04:00:00 PM,57,44,13
12/08/2014 05:00:00 PM,96,82,14
12/08/2014 06:00:00 PM,57,53,4
12/08/2014 07:00:00 PM,21,18,3
12/08/2014 08:00:00 PM,4,3,1
12/08/2014 09:00:00 PM,3,3,0
12/08/2014 10:00:00 PM,7,5,2
12/08/2014 11:00:00 PM,1,0,1
12/09/2014 12:00:00 AM,0,0,0
12/09/2014 01:00:00 AM,0,0,0
12/09/2014 02:00:00 AM,0,0,0
12/09/2014 03:00:00 AM,0,0,0
12/09/2014 04:00:00 AM,1,0,1
12/09/2014 05:00:00 AM,11,3,8
12/09/2014 06:00:00 AM,43,6,37
12/09/2014 07:00:00 AM,87,6,81
12/09/2014 08:00:00 AM,73,7,66
12/09/2014 09:00:00 AM,28,3,25
12/09/2014 10:00:00 AM,8,3,5
12/09/2014 11:00:00 AM,9,2,7
12/09/2014 12:00:00 PM,1,0,1
12/09/2014 01:00:00 PM,5,2,3
12/09/2014 02:00:00 PM,15,10,5
12/09/2014 03:00:00 PM,35,21,14
12/09/2014 04:00:00 PM,48,38,10
12/09/2014 05:00:00 PM,92,78,14
12/09/2014 06:00:00 PM,57,51,6
12/09/2014 07:00:00 PM,15,10,5
12/09/2014 08:00:00 PM,10,9,1
12/09/2014 09:00:00 PM,7,4,3
12/09/2014 10:00:00 PM,5,3,2
12/09/2014 11:00:00 PM,2,2,0
12/10/2014 12:00:00 AM,2,2,0
12/10/2014 01:00:00 AM,0,0,0
12/10/2014 02:00:00 AM,1,0,1
12/10/2014 03:00:00 AM,1,0,1
12/10/2014 04:00:00 AM,3,2,1
12/10/2014 05:00:00 AM,22,3,19
12/10/2014 06:00:00 AM,42,4,38
12/10/2014 07:00:00 AM,80,9,71
12/10/2014 08:00:00 AM,69,2,67
12/10/2014 09:00:00 AM,36,4,32
12/10/2014 10:00:00 AM,17,6,11
12/10/2014 11:00:00 AM,7,1,6
12/10/2014 12:00:00 PM,8,5,3
12/10/2014 01:00:00 PM,4,1,3
12/10/2014 02:00:00 PM,7,3,4
12/10/2014 03:00:00 PM,16,11,5
12/10/2014 04:00:00 PM,45,36,9
12/10/2014 05:00:00 PM,87,72,15
12/10/2014 06:00:00 PM,46,40,6
12/10/2014 07:00:00 PM,14,14,0
12/10/2014 08:00:00 PM,7,6,1
12/10/2014 09:00:00 PM,5,4,1
12/10/2014 10:00:00 PM,1,1,0
12/10/2014 11:00:00 PM,2,1,1
12/11/2014 12:00:00 AM,0,0,0
12/11/2014 01:00:00 AM,1,1,0
12/11/2014 02:00:00 AM,1,0,1
12/11/2014 03:00:00 AM,7,1,6
12/11/2014 04:00:00 AM,4,0,4
12/11/2014 05:00:00 AM,20,7,13
12/11/2014 06:00:00 AM,29,6,23
12/11/2014 07:00:00 AM,75,14,61
12/11/2014 08:00:00 AM,70,5,65
12/11/2014 09:00:00 AM,25,6,19
12/11/2014 10:00:00 AM,5,2,3
12/11/2014 11:00:00 AM,10,7,3
12/11/2014 12:00:00 PM,7,0,7
12/11/2014 01:00:00 PM,5,3,2
12/11/2014 02:00:00 PM,9,7,2
12/11/2014 03:00:00 PM,30,22,8
12/11/2014 04:00:00 PM,42,32,10
12/11/2014 05:00:00 PM,73,54,19
12/11/2014 06:00:00 PM,38,35,3
12/11/2014 07:00:00 PM,12,10,2
12/11/2014 08:00:00 PM,4,3,1
12/11/2014 09:00:00 PM,6,4,2
12/11/2014 10:00:00 PM,17,14,3
12/11/2014 11:00:00 PM,2,0,2
12/12/2014 12:00:00 AM,0,0,0
12/12/2014 01:00:00 AM,0,0,0
12/12/2014 02:00:00 AM,0,0,0
12/12/2014 03:00:00 AM,3,2,1
12/12/2014 04:00:00 AM,3,1,2
12/12/2014 05:00:00 AM,20,4,16
12/12/2014 06:00:00 AM,22,3,19
12/12/2014 07:00:00 AM,76,12,64
12/12/2014 08:00:00 AM,70,5,65
12/12/2014 09:00:00 AM,29,4,25
12/12/2014 10:00:00 AM,14,5,9
12/12/2014 11:00:00 AM,10,4,6
12/12/2014 12:00:00 PM,16,6,10
12/12/2014 01:00:00 PM,23,7,16
12/12/2014 02:00:00 PM,10,9,1
12/12/2014 03:00:00 PM,30,18,12
12/12/2014 04:00:00 PM,60,48,12
12/12/2014 05:00:00 PM,85,71,14
12/12/2014 06:00:00 PM,52,46,6
12/12/2014 07:00:00 PM,13,11,2
12/12/2014 08:00:00 PM,10,7,3
12/12/2014 09:00:00 PM,3,2,1
12/12/2014 10:00:00 PM,1,1,0
12/12/2014 11:00:00 PM,4,3,1
12/13/2014 12:00:00 AM,3,3,0
12/13/2014 01:00:00 AM,1,1,0
12/13/2014 02:00:00 AM,0,0,0
12/13/2014 03:00:00 AM,3,3,0
12/13/2014 04:00:00 AM,1,1,0
12/13/2014 05:00:00 AM,2,0,2
12/13/2014 06:00:00 AM,12,1,11
12/13/2014 07:00:00 AM,9,3,6
12/13/2014 08:00:00 AM,17,3,14
12/13/2014 09:00:00 AM,15,8,7
12/13/2014 10:00:00 AM,19,8,11
12/13/2014 11:00:00 AM,39,20,19
12/13/2014 12:00:00 PM,37,20,17
12/13/2014 01:00:00 PM,63,25,38
12/13/2014 02:00:00 PM,38,15,23
12/13/2014 03:00:00 PM,30,16,14
12/13/2014 04:00:00 PM,23,13,10
12/13/2014 05:00:00 PM,14,8,6
12/13/2014 06:00:00 PM,18,9,9
12/13/2014 07:00:00 PM,2,2,0
12/13/2014 08:00:00 PM,2,1,1
12/13/2014 09:00:00 PM,9,4,5
12/13/2014 10:00:00 PM,4,4,0
12/13/2014 11:00:00 PM,2,2,0
12/14/2014 12:00:00 AM,0,0,0
12/14/2014 01:00:00 AM,6,1,5
12/14/2014 02:00:00 AM,2,2,0
12/14/2014 03:00:00 AM,2,1,1
12/14/2014 04:00:00 AM,1,1,0
12/14/2014 05:00:00 AM,3,0,3
12/14/2014 06:00:00 AM,6,2,4
12/14/2014 07:00:00 AM,1,0,1
12/14/2014 08:00:00 AM,12,1,11
12/14/2014 09:00:00 AM,39,8,31
12/14/2014 10:00:00 AM,31,18,13
12/14/2014 11:00:00 AM,42,23,19
12/14/2014 12:00:00 PM,51,25,26
12/14/2014 01:00:00 PM,52,28,24
12/14/2014 02:00:00 PM,36,14,22
12/14/2014 03:00:00 PM,40,23,17
12/14/2014 04:00:00 PM,25,13,12
12/14/2014 05:00:00 PM,25,16,9
12/14/2014 06:00:00 PM,7,5,2
12/14/2014 07:00:00 PM,1,1,0
12/14/2014 08:00:00 PM,8,8,0
12/14/2014 09:00:00 PM,3,0,3
12/14/2014 10:00:00 PM,4,1,3
12/14/2014 11:00:00 PM,5,2,3
12/15/2014 12:00:00 AM,2,0,2
12/15/2014 01:00:00 AM,1,0,1
12/15/2014 02:00:00 AM,0,0,0
12/15/2014 03:00:00 AM,0,0,0
12/15/2014 04:00:00 AM,3,0,3
12/15/2014 05:00:00 AM,22,4,18
12/15/2014 06:00:00 AM,47,5,42
12/15/2014 07:00:00 AM,99,12,87
12/15/2014 08:00:00 AM,79,5,74
12/15/2014 09:00:00 AM,40,3,37
12/15/2014 10:00:00 AM,15,3,12
12/15/2014 11:00:00 AM,12,5,7
12/15/2014 12:00:00 PM,16,7,9
12/15/2014 01:00:00 PM,19,5,14
12/15/2014 02:00:00 PM,23,15,8
12/15/2014 03:00:00 PM,34,25,9
12/15/2014 04:00:00 PM,59,46,13
12/15/2014 05:00:00 PM,114,100,14
12/15/2014 06:00:00 PM,61,58,3
12/15/2014 07:00:00 PM,21,19,2
12/15/2014 08:00:00 PM,11,7,4
12/15/2014 09:00:00 PM,5,3,2
12/15/2014 10:00:00 PM,6,6,0
12/15/2014 11:00:00 PM,5,1,4
12/16/2014 12:00:00 AM,0,0,0
12/16/2014 01:00:00 AM,1,1,0
12/16/2014 02:00:00 AM,0,0,0
12/16/2014 03:00:00 AM,1,0,1
12/16/2014 04:00:00 AM,3,1,2
12/16/2014 05:00:00 AM,21,6,15
12/16/2014 06:00:00 AM,67,13,54
12/16/2014 07:00:00 AM,89,15,74
12/16/2014 08:00:00 AM,99,8,91
12/16/2014 09:00:00 AM,41,9,32
12/16/2014 10:00:00 AM,18,4,14
12/16/2014 11:00:00 AM,14,8,6
12/16/2014 12:00:00 PM,19,8,11
12/16/2014 01:00:00 PM,13,4,9
12/16/2014 02:00:00 PM,17,11,6
12/16/2014 03:00:00 PM,25,15,10
12/16/2014 04:00:00 PM,67,56,11
12/16/2014 05:00:00 PM,121,107,14
12/16/2014 06:00:00 PM,58,55,3
12/16/2014 07:00:00 PM,22,19,3
12/16/2014 08:00:00 PM,7,6,1
12/16/2014 09:00:00 PM,8,4,4
12/16/2014 10:00:00 PM,5,3,2
12/16/2014 11:00:00 PM,4,1,3
12/17/2014 12:00:00 AM,5,4,1
12/17/2014 01:00:00 AM,1,1,0
12/17/2014 02:00:00 AM,4,2,2
12/17/2014 03:00:00 AM,2,0,2
12/17/2014 04:00:00 AM,4,2,2
12/17/2014 05:00:00 AM,19,5,14
12/17/2014 06:00:00 AM,46,7,39
12/17/2014 07:00:00 AM,78,10,68
12/17/2014 08:00:00 AM,80,6,74
12/17/2014 09:00:00 AM,29,1,28
12/17/2014 10:00:00 AM,9,3,6
12/17/2014 11:00:00 AM,11,4,7
12/17/2014 12:00:00 PM,13,6,7
12/17/2014 01:00:00 PM,16,7,9
12/17/2014 02:00:00 PM,12,8,4
12/17/2014 03:00:00 PM,20,16,4
12/17/2014 04:00:00 PM,59,49,10
12/17/2014 05:00:00 PM,101,83,18
12/17/2014 06:00:00 PM,42,38,4
12/17/2014 07:00:00 PM,14,13,1
12/17/2014 08:00:00 PM,12,10,2
12/17/2014 09:00:00 PM,4,4,0
12/17/2014 10:00:00 PM,0,0,0
12/17/2014 11:00:00 PM,1,0,1
12/18/2014 12:00:00 AM,0,0,0
12/18/2014 01:00:00 AM,0,0,0
12/18/2014 02:00:00 AM,1,0,1
12/18/2014 03:00:00 AM,2,0,2
12/18/2014 04:00:00 AM,1,0,1
12/18/2014 05:00:00 AM,22,6,16
12/18/2014 06:00:00 AM,46,11,35
12/18/2014 07:00:00 AM,80,12,68
12/18/2014 08:00:00 AM,77,10,67
12/18/2014 09:00:00 AM,49,8,41
12/18/2014 10:00:00 AM,11,3,8
12/18/2014 11:00:00 AM,9,3,6
12/18/2014 12:00:00 PM,12,4,8
12/18/2014 01:00:00 PM,7,6,1
12/18/2014 02:00:00 PM,10,10,0
12/18/2014 03:00:00 PM,24,16,8
12/18/2014 04:00:00 PM,42,33,9
12/18/2014 05:00:00 PM,86,72,14
12/18/2014 06:00:00 PM,50,42,8
12/18/2014 07:00:00 PM,24,21,3
12/18/2014 08:00:00 PM,7,5,2
12/18/2014 09:00:00 PM,4,3,1
12/18/2014 10:00:00 PM,6,4,2
12/18/2014 11:00:00 PM,3,1,2
12/19/2014 12:00:00 AM,0,0,0
12/19/2014 01:00:00 AM,3,3,0
12/19/2014 02:00:00 AM,1,0,1
12/19/2014 03:00:00 AM,1,0,1
12/19/2014 04:00:00 AM,3,1,2
12/19/2014 05:00:00 AM,19,5,14
12/19/2014 06:00:00 AM,30,7,23
12/19/2014 07:00:00 AM,68,7,61
12/19/2014 08:00:00 AM,49,1,48
12/19/2014 09:00:00 AM,15,1,14
12/19/2014 10:00:00 AM,12,3,9
12/19/2014 11:00:00 AM,10,3,7
12/19/2014 12:00:00 PM,18,8,10
12/19/2014 01:00:00 PM,22,13,9
12/19/2014 02:00:00 PM,19,11,8
12/19/2014 03:00:00 PM,31,20,11
12/19/2014 04:00:00 PM,59,45,14
12/19/2014 05:00:00 PM,61,49,12
12/19/2014 06:00:00 PM,39,36,3
12/19/2014 07:00:00 PM,12,9,3
12/19/2014 08:00:00 PM,9,8,1
12/19/2014 09:00:00 PM,9,4,5
12/19/2014 10:00:00 PM,6,4,2
12/19/2014 11:00:00 PM,3,1,2
12/20/2014 12:00:00 AM,2,2,0
12/20/2014 01:00:00 AM,0,0,0
12/20/2014 02:00:00 AM,3,2,1
12/20/2014 03:00:00 AM,0,0,0
12/20/2014 04:00:00 AM,0,0,0
12/20/2014 05:00:00 AM,2,1,1
12/20/2014 06:00:00 AM,5,2,3
12/20/2014 07:00:00 AM,2,1,1
12/20/2014 08:00:00 AM,10,4,6
12/20/2014 09:00:00 AM,12,6,6
12/20/2014 10:00:00 AM,4,3,1
12/20/2014 11:00:00 AM,8,6,2
12/20/2014 12:00:00 PM,3,2,1
12/20/2014 01:00:00 PM,6,2,4
12/20/2014 02:00:00 PM,4,1,3
12/20/2014 03:00:00 PM,6,3,3
12/20/2014 04:00:00 PM,45,42,3
12/20/2014 05:00:00 PM,11,8,3
12/20/2014 06:00:00 PM,2,1,1
12/20/2014 07:00:00 PM,4,2,2
12/20/2014 08:00:00 PM,2,2,0
12/20/2014 09:00:00 PM,6,1,5
12/20/2014 10:00:00 PM,8,3,5
12/20/2014 11:00:00 PM,8,3,5
12/21/2014 12:00:00 AM,5,0,5
12/21/2014 01:00:00 AM,18,1,17
12/21/2014 02:00:00 AM,6,1,5
12/21/2014 03:00:00 AM,2,0,2
12/21/2014 04:00:00 AM,2,1,1
12/21/2014 05:00:00 AM,5,1,4
12/21/2014 06:00:00 AM,3,2,1
12/21/2014 07:00:00 AM,7,3,4
12/21/2014 08:00:00 AM,6,1,5
12/21/2014 09:00:00 AM,13,6,7
12/21/2014 10:00:00 AM,18,5,13
12/21/2014 11:00:00 AM,27,16,11
12/21/2014 12:00:00 PM,27,11,16
12/21/2014 01:00:00 PM,27,18,9
12/21/2014 02:00:00 PM,29,14,15
12/21/2014 03:00:00 PM,38,15,23
12/21/2014 04:00:00 PM,14,8,6
12/21/2014 05:00:00 PM,12,5,7
12/21/2014 06:00:00 PM,4,4,0
12/21/2014 07:00:00 PM,8,3,5
12/21/2014 08:00:00 PM,0,0,0
12/21/2014 09:00:00 PM,6,2,4
12/21/2014 10:00:00 PM,8,5,3
12/21/2014 11:00:00 PM,3,1,2
12/22/2014 12:00:00 AM,1,1,0
12/22/2014 01:00:00 AM,2,2,0
12/22/2014 02:00:00 AM,3,1,2
12/22/2014 03:00:00 AM,3,2,1
12/22/2014 04:00:00 AM,3,1,2
12/22/2014 05:00:00 AM,13,2,11
12/22/2014 06:00:00 AM,43,8,35
12/22/2014 07:00:00 AM,75,10,65
12/22/2014 08:00:00 AM,73,9,64
12/22/2014 09:00:00 AM,29,6,23
12/22/2014 10:00:00 AM,21,8,13
12/22/2014 11:00:00 AM,17,8,9
12/22/2014 12:00:00 PM,26,17,9
12/22/2014 01:00:00 PM,15,6,9
12/22/2014 02:00:00 PM,35,14,21
12/22/2014 03:00:00 PM,23,16,7
12/22/2014 04:00:00 PM,60,48,12
12/22/2014 05:00:00 PM,74,65,9
12/22/2014 06:00:00 PM,36,32,4
12/22/2014 07:00:00 PM,18,14,4
12/22/2014 08:00:00 PM,8,6,2
12/22/2014 09:00:00 PM,5,5,0
12/22/2014 10:00:00 PM,4,3,1
12/22/2014 11:00:00 PM,2,2,0
12/23/2014 12:00:00 AM,0,0,0
12/23/2014 01:00:00 AM,2,2,0
12/23/2014 02:00:00 AM,0,0,0
12/23/2014 03:00:00 AM,3,1,2
12/23/2014 04:00:00 AM,0,0,0
12/23/2014 05:00:00 AM,18,9,9
12/23/2014 06:00:00 AM,30,1,29
12/23/2014 07:00:00 AM,54,7,47
12/23/2014 08:00:00 AM,49,5,44
12/23/2014 09:00:00 AM,29,7,22
12/23/2014 10:00:00 AM,22,10,12
12/23/2014 11:00:00 AM,10,7,3
12/23/2014 12:00:00 PM,9,2,7
12/23/2014 01:00:00 PM,10,6,4
12/23/2014 02:00:00 PM,15,10,5
12/23/2014 03:00:00 PM,20,15,5
12/23/2014 04:00:00 PM,35,29,6
12/23/2014 05:00:00 PM,52,46,6
12/23/2014 06:00:00 PM,21,19,2
12/23/2014 07:00:00 PM,3,3,0
12/23/2014 08:00:00 PM,1,1,0
12/23/2014 09:00:00 PM,0,0,0
12/23/2014 10:00:00 PM,1,1,0
12/23/2014 11:00:00 PM,2,2,0
12/24/2014 12:00:00 AM,0,0,0
12/24/2014 01:00:00 AM,0,0,0
12/24/2014 02:00:00 AM,1,1,0
12/24/2014 03:00:00 AM,0,0,0
12/24/2014 04:00:00 AM,1,1,0
12/24/2014 05:00:00 AM,4,2,2
12/24/2014 06:00:00 AM,16,4,12
12/24/2014 07:00:00 AM,18,2,16
12/24/2014 08:00:00 AM,16,3,13
12/24/2014 09:00:00 AM,11,2,9
12/24/2014 10:00:00 AM,7,4,3
12/24/2014 11:00:00 AM,9,5,4
12/24/2014 12:00:00 PM,10,5,5
12/24/2014 01:00:00 PM,19,14,5
12/24/2014 02:00:00 PM,18,12,6
12/24/2014 03:00:00 PM,27,20,7
12/24/2014 04:00:00 PM,17,11,6
12/24/2014 05:00:00 PM,16,14,2
12/24/2014 06:00:00 PM,6,5,1
12/24/2014 07:00:00 PM,0,0,0
12/24/2014 08:00:00 PM,5,0,5
12/24/2014 09:00:00 PM,2,0,2
12/24/2014 10:00:00 PM,0,0,0
12/24/2014 11:00:00 PM,2,0,2
12/25/2014 12:00:00 AM,1,1,0
12/25/2014 01:00:00 AM,0,0,0
12/25/2014 02:00:00 AM,1,0,1
12/25/2014 03:00:00 AM,0,0,0
12/25/2014 04:00:00 AM,0,0,0
12/25/2014 05:00:00 AM,2,0,2
12/25/2014 06:00:00 AM,5,2,3
12/25/2014 07:00:00 AM,0,0,0
12/25/2014 08:00:00 AM,10,5,5
12/25/2014 09:00:00 AM,7,3,4
12/25/2014 10:00:00 AM,12,8,4
12/25/2014 11:00:00 AM,29,18,11
12/25/2014 12:00:00 PM,38,14,24
12/25/2014 01:00:00 PM,18,9,9
12/25/2014 02:00:00 PM,37,13,24
12/25/2014 03:00:00 PM,23,9,14
12/25/2014 04:00:00 PM,19,9,10
12/25/2014 05:00:00 PM,6,2,4
12/25/2014 06:00:00 PM,1,1,0
12/25/2014 07:00:00 PM,2,1,1
12/25/2014 08:00:00 PM,0,0,0
12/25/2014 09:00:00 PM,4,2,2
12/25/2014 10:00:00 PM,4,4,0
12/25/2014 11:00:00 PM,1,0,1
12/26/2014 12:00:00 AM,1,1,0
12/26/2014 01:00:00 AM,0,0,0
12/26/2014 02:00:00 AM,0,0,0
12/26/2014 03:00:00 AM,1,0,1
12/26/2014 04:00:00 AM,6,1,5
12/26/2014 05:00:00 AM,7,2,5
12/26/2014 06:00:00 AM,9,1,8
12/26/2014 07:00:00 AM,17,4,13
12/26/2014 08:00:00 AM,20,5,15
12/26/2014 09:00:00 AM,28,10,18
12/26/2014 10:00:00 AM,22,15,7
12/26/2014 11:00:00 AM,16,6,10
12/26/2014 12:00:00 PM,32,9,23
12/26/2014 01:00:00 PM,19,10,9
12/26/2014 02:00:00 PM,26,12,14
12/26/2014 03:00:00 PM,23,13,10
12/26/2014 04:00:00 PM,26,19,7
12/26/2014 05:00:00 PM,17,15,2
12/26/2014 06:00:00 PM,15,14,1
12/26/2014 07:00:00 PM,9,6,3
12/26/2014 08:00:00 PM,3,2,1
12/26/2014 09:00:00 PM,2,1,1
12/26/2014 10:00:00 PM,2,0,2
12/26/2014 11:00:00 PM,3,2,1
12/27/2014 12:00:00 AM,2,1,1
12/27/2014 01:00:00 AM,1,1,0
12/27/2014 02:00:00 AM,4,2,2
12/27/2014 03:00:00 AM,1,1,0
12/27/2014 04:00:00 AM,4,2,2
12/27/2014 05:00:00 AM,3,0,3
12/27/2014 06:00:00 AM,3,0,3
12/27/2014 07:00:00 AM,7,4,3
12/27/2014 08:00:00 AM,7,1,6
12/27/2014 09:00:00 AM,10,0,10
12/27/2014 10:00:00 AM,13,4,9
12/27/2014 11:00:00 AM,15,7,8
12/27/2014 12:00:00 PM,20,11,9
12/27/2014 01:00:00 PM,16,12,4
12/27/2014 02:00:00 PM,8,3,5
12/27/2014 03:00:00 PM,17,8,9
12/27/2014 04:00:00 PM,15,7,8
12/27/2014 05:00:00 PM,6,3,3
12/27/2014 06:00:00 PM,7,4,3
12/27/2014 07:00:00 PM,4,1,3
12/27/2014 08:00:00 PM,1,1,0
12/27/2014 09:00:00 PM,2,1,1
12/27/2014 10:00:00 PM,1,1,0
12/27/2014 11:00:00 PM,0,0,0
12/28/2014 12:00:00 AM,1,1,0
12/28/2014 01:00:00 AM,0,0,0
12/28/2014 02:00:00 AM,2,1,1
12/28/2014 03:00:00 AM,2,0,2
12/28/2014 04:00:00 AM,2,1,1
12/28/2014 05:00:00 AM,0,0,0
12/28/2014 06:00:00 AM,4,3,1
12/28/2014 07:00:00 AM,4,1,3
12/28/2014 08:00:00 AM,7,0,7
12/28/2014 09:00:00 AM,30,14,16
12/28/2014 10:00:00 AM,29,18,11
12/28/2014 11:00:00 AM,23,12,11
12/28/2014 12:00:00 PM,21,12,9
12/28/2014 01:00:00 PM,14,7,7
12/28/2014 02:00:00 PM,17,10,7
12/28/2014 03:00:00 PM,29,14,15
12/28/2014 04:00:00 PM,10,4,6
12/28/2014 05:00:00 PM,10,5,5
12/28/2014 06:00:00 PM,7,3,4
12/28/2014 07:00:00 PM,3,1,2
12/28/2014 08:00:00 PM,4,4,0
12/28/2014 09:00:00 PM,4,3,1
12/28/2014 10:00:00 PM,1,1,0
12/28/2014 11:00:00 PM,2,2,0
12/29/2014 12:00:00 AM,0,0,0
12/29/2014 01:00:00 AM,2,1,1
12/29/2014 02:00:00 AM,2,0,2
12/29/2014 03:00:00 AM,10,5,5
12/29/2014 04:00:00 AM,0,0,0
12/29/2014 05:00:00 AM,12,4,8
12/29/2014 06:00:00 AM,35,7,28
12/29/2014 07:00:00 AM,54,4,50
12/29/2014 08:00:00 AM,57,7,50
12/29/2014 09:00:00 AM,33,3,30
12/29/2014 10:00:00 AM,12,3,9
12/29/2014 11:00:00 AM,14,5,9
12/29/2014 12:00:00 PM,12,4,8
12/29/2014 01:00:00 PM,14,7,7
12/29/2014 02:00:00 PM,18,7,11
12/29/2014 03:00:00 PM,35,30,5
12/29/2014 04:00:00 PM,42,33,9
12/29/2014 05:00:00 PM,72,62,10
12/29/2014 06:00:00 PM,38,35,3
12/29/2014 07:00:00 PM,5,5,0
12/29/2014 08:00:00 PM,6,5,1
12/29/2014 09:00:00 PM,4,1,3
12/29/2014 10:00:00 PM,3,2,1
12/29/2014 11:00:00 PM,3,3,0
12/30/2014 12:00:00 AM,0,0,0
12/30/2014 01:00:00 AM,3,3,0
12/30/2014 02:00:00 AM,3,0,3
12/30/2014 03:00:00 AM,1,0,1
12/30/2014 04:00:00 AM,3,1,2
12/30/2014 05:00:00 AM,7,0,7
12/30/2014 06:00:00 AM,24,6,18
12/30/2014 07:00:00 AM,44,3,41
12/30/2014 08:00:00 AM,45,4,41
12/30/2014 09:00:00 AM,17,4,13
12/30/2014 10:00:00 AM,10,2,8
12/30/2014 11:00:00 AM,15,7,8
12/30/2014 12:00:00 PM,19,12,7
12/30/2014 01:00:00 PM,21,10,11
12/30/2014 02:00:00 PM,19,11,8
12/30/2014 03:00:00 PM,23,15,8
12/30/2014 04:00:00 PM,42,36,6
12/30/2014 05:00:00 PM,49,43,6
12/30/2014 06:00:00 PM,29,25,4
12/30/2014 07:00:00 PM,10,6,4
12/30/2014 08:00:00 PM,4,4,0
12/30/2014 09:00:00 PM,2,2,0
12/30/2014 10:00:00 PM,1,0,1
12/30/2014 11:00:00 PM,4,4,0
12/31/2014 12:00:00 AM,1,0,1
12/31/2014 01:00:00 AM,0,0,0
12/31/2014 02:00:00 AM,0,0,0
12/31/2014 03:00:00 AM,1,0,1
12/31/2014 04:00:00 AM,5,2,3
12/31/2014 05:00:00 AM,8,1,7
12/31/2014 06:00:00 AM,21,2,19
12/31/2014 07:00:00 AM,46,8,38
12/31/2014 08:00:00 AM,40,5,35
12/31/2014 09:00:00 AM,21,2,19
12/31/2014 10:00:00 AM,8,4,4
12/31/2014 11:00:00 AM,10,4,6
12/31/2014 12:00:00 PM,21,10,11
12/31/2014 01:00:00 PM,11,4,7
12/31/2014 02:00:00 PM,35,25,10
12/31/2014 03:00:00 PM,46,35,11
12/31/2014 04:00:00 PM,45,32,13
12/31/2014 05:00:00 PM,35,27,8
12/31/2014 06:00:00 PM,16,13,3
12/31/2014 07:00:00 PM,11,9,2
12/31/2014 08:00:00 PM,3,3,0
12/31/2014 09:00:00 PM,0,0,0
12/31/2014 10:00:00 PM,2,0,2
12/31/2014 11:00:00 PM,2,0,2
01/01/2015 12:00:00 AM,0,0,0
01/01/2015 01:00:00 AM,5,4,1
01/01/2015 02:00:00 AM,2,1,1
01/01/2015 03:00:00 AM,7,4,3
01/01/2015 04:00:00 AM,2,1,1
01/01/2015 05:00:00 AM,0,0,0
01/01/2015 06:00:00 AM,1,0,1
01/01/2015 07:00:00 AM,3,1,2
01/01/2015 08:00:00 AM,3,1,2
01/01/2015 09:00:00 AM,4,2,2
01/01/2015 10:00:00 AM,6,5,1
01/01/2015 11:00:00 AM,21,6,15
01/01/2015 12:00:00 PM,21,9,12
01/01/2015 01:00:00 PM,35,15,20
01/01/2015 02:00:00 PM,30,12,18
01/01/2015 03:00:00 PM,38,19,19
01/01/2015 04:00:00 PM,13,9,4
01/01/2015 05:00:00 PM,9,5,4
01/01/2015 06:00:00 PM,10,4,6
01/01/2015 07:00:00 PM,35,32,3
01/01/2015 08:00:00 PM,1,1,0
01/01/2015 09:00:00 PM,2,1,1
01/01/2015 10:00:00 PM,3,1,2
01/01/2015 11:00:00 PM,5,1,4
01/02/2015 12:00:00 AM,2,2,0
01/02/2015 01:00:00 AM,1,0,1
01/02/2015 02:00:00 AM,1,1,0
01/02/2015 03:00:00 AM,1,0,1
01/02/2015 04:00:00 AM,4,0,4
01/02/2015 05:00:00 AM,6,3,3
01/02/2015 06:00:00 AM,22,3,19
01/02/2015 07:00:00 AM,25,2,23
01/02/2015 08:00:00 AM,38,4,34
01/02/2015 09:00:00 AM,16,3,13
01/02/2015 10:00:00 AM,9,1,8
01/02/2015 11:00:00 AM,15,10,5
01/02/2015 12:00:00 PM,11,8,3
01/02/2015 01:00:00 PM,18,5,13
01/02/2015 02:00:00 PM,9,6,3
01/02/2015 03:00:00 PM,22,21,1
01/02/2015 04:00:00 PM,34,26,8
01/02/2015 05:00:00 PM,38,35,3
01/02/2015 06:00:00 PM,13,11,2
01/02/2015 07:00:00 PM,10,8,2
01/02/2015 08:00:00 PM,4,2,2
01/02/2015 09:00:00 PM,1,0,1
01/02/2015 10:00:00 PM,1,1,0
01/02/2015 11:00:00 PM,3,3,0
01/03/2015 12:00:00 AM,1,1,0
01/03/2015 01:00:00 AM,1,0,1
01/03/2015 02:00:00 AM,1,1,0
01/03/2015 03:00:00 AM,3,2,1
01/03/2015 04:00:00 AM,2,0,2
01/03/2015 05:00:00 AM,1,0,1
01/03/2015 06:00:00 AM,6,3,3
01/03/2015 07:00:00 AM,4,1,3
01/03/2015 08:00:00 AM,8,2,6
01/03/2015 09:00:00 AM,14,5,9
01/03/2015 10:00:00 AM,21,9,12
01/03/2015 11:00:00 AM,18,8,10
01/03/2015 12:00:00 PM,26,15,11
01/03/2015 01:00:00 PM,37,20,17
01/03/2015 02:00:00 PM,12,6,6
01/03/2015 03:00:00 PM,18,8,10
01/03/2015 04:00:00 PM,11,2,9
01/03/2015 05:00:00 PM,12,9,3
01/03/2015 06:00:00 PM,4,2,2
01/03/2015 07:00:00 PM,8,5,3
01/03/2015 08:00:00 PM,3,1,2
01/03/2015 09:00:00 PM,6,3,3
01/03/2015 10:00:00 PM,4,1,3
01/03/2015 11:00:00 PM,3,2,1
01/04/2015 12:00:00 AM,1,1,0
01/04/2015 01:00:00 AM,2,1,1
01/04/2015 02:00:00 AM,0,0,0
01/04/2015 03:00:00 AM,2,1,1
01/04/2015 04:00:00 AM,2,2,0
01/04/2015 05:00:00 AM,4,0,4
01/04/2015 06:00:00 AM,6,2,4
01/04/2015 07:00:00 AM,3,3,0
01/04/2015 08:00:00 AM,6,1,5
01/04/2015 09:00:00 AM,3,3,0
01/04/2015 10:00:00 AM,7,4,3
01/04/2015 11:00:00 AM,8,3,5
01/04/2015 12:00:00 PM,5,1,4
01/04/2015 01:00:00 PM,7,5,2
01/04/2015 02:00:00 PM,3,3,0
01/04/2015 03:00:00 PM,4,4,0
01/04/2015 04:00:00 PM,9,4,5
01/04/2015 05:00:00 PM,9,1,8
01/04/2015 06:00:00 PM,4,2,2
01/04/2015 07:00:00 PM,1,1,0
01/04/2015 08:00:00 PM,3,3,0
01/04/2015 09:00:00 PM,3,0,3
01/04/2015 10:00:00 PM,1,0,1
01/04/2015 11:00:00 PM,0,0,0
01/05/2015 12:00:00 AM,1,0,1
01/05/2015 01:00:00 AM,1,0,1
01/05/2015 02:00:00 AM,0,0,0
01/05/2015 03:00:00 AM,1,1,0
01/05/2015 04:00:00 AM,1,0,1
01/05/2015 05:00:00 AM,18,5,13
01/05/2015 06:00:00 AM,45,7,38
01/05/2015 07:00:00 AM,76,8,68
01/05/2015 08:00:00 AM,76,8,68
01/05/2015 09:00:00 AM,17,0,17
01/05/2015 10:00:00 AM,10,1,9
01/05/2015 11:00:00 AM,3,1,2
01/05/2015 12:00:00 PM,2,1,1
01/05/2015 01:00:00 PM,7,2,5
01/05/2015 02:00:00 PM,13,7,6
01/05/2015 03:00:00 PM,17,12,5
01/05/2015 04:00:00 PM,38,30,8
01/05/2015 05:00:00 PM,101,81,20
01/05/2015 06:00:00 PM,55,52,3
01/05/2015 07:00:00 PM,13,10,3
01/05/2015 08:00:00 PM,4,3,1
01/05/2015 09:00:00 PM,2,2,0
01/05/2015 10:00:00 PM,1,0,1
01/05/2015 11:00:00 PM,2,2,0
01/06/2015 12:00:00 AM,0,0,0
01/06/2015 01:00:00 AM,0,0,0
01/06/2015 02:00:00 AM,2,1,1
01/06/2015 03:00:00 AM,3,1,2
01/06/2015 04:00:00 AM,3,2,1
01/06/2015 05:00:00 AM,19,2,17
01/06/2015 06:00:00 AM,61,5,56
01/06/2015 07:00:00 AM,110,18,92
01/06/2015 08:00:00 AM,122,14,108
01/06/2015 09:00:00 AM,44,8,36
01/06/2015 10:00:00 AM,21,6,15
01/06/2015 11:00:00 AM,18,8,10
01/06/2015 12:00:00 PM,20,8,12
01/06/2015 01:00:00 PM,19,8,11
01/06/2015 02:00:00 PM,20,15,5
01/06/2015 03:00:00 PM,32,25,7
01/06/2015 04:00:00 PM,87,68,19
01/06/2015 05:00:00 PM,125,112,13
01/06/2015 06:00:00 PM,76,70,6
01/06/2015 07:00:00 PM,31,23,8
01/06/2015 08:00:00 PM,8,6,2
01/06/2015 09:00:00 PM,11,9,2
01/06/2015 10:00:00 PM,6,3,3
01/06/2015 11:00:00 PM,2,1,1
01/07/2015 12:00:00 AM,0,0,0
01/07/2015 01:00:00 AM,1,0,1
01/07/2015 02:00:00 AM,0,0,0
01/07/2015 03:00:00 AM,3,0,3
01/07/2015 04:00:00 AM,3,1,2
01/07/2015 05:00:00 AM,17,2,15
01/07/2015 06:00:00 AM,72,10,62
01/07/2015 07:00:00 AM,98,12,86
01/07/2015 08:00:00 AM,110,11,99
01/07/2015 09:00:00 AM,40,5,35
01/07/2015 10:00:00 AM,15,4,11
01/07/2015 11:00:00 AM,28,13,15
01/07/2015 12:00:00 PM,18,4,14
01/07/2015 01:00:00 PM,15,6,9
01/07/2015 02:00:00 PM,24,15,9
01/07/2015 03:00:00 PM,46,38,8
01/07/2015 04:00:00 PM,66,58,8
01/07/2015 05:00:00 PM,126,107,19
01/07/2015 06:00:00 PM,88,74,14
01/07/2015 07:00:00 PM,23,19,4
01/07/2015 08:00:00 PM,9,7,2
01/07/2015 09:00:00 PM,8,5,3
01/07/2015 10:00:00 PM,5,1,4
01/07/2015 11:00:00 PM,5,5,0
01/08/2015 12:00:00 AM,3,3,0
01/08/2015 01:00:00 AM,2,1,1
01/08/2015 02:00:00 AM,3,2,1
01/08/2015 03:00:00 AM,2,1,1
01/08/2015 04:00:00 AM,3,0,3
01/08/2015 05:00:00 AM,19,4,15
01/08/2015 06:00:00 AM,50,7,43
01/08/2015 07:00:00 AM,107,16,91
01/08/2015 08:00:00 AM,94,5,89
01/08/2015 09:00:00 AM,40,3,37
01/08/2015 10:00:00 AM,18,5,13
01/08/2015 11:00:00 AM,18,7,11
01/08/2015 12:00:00 PM,25,12,13
01/08/2015 01:00:00 PM,23,11,12
01/08/2015 02:00:00 PM,35,22,13
01/08/2015 03:00:00 PM,34,25,9
01/08/2015 04:00:00 PM,75,55,20
01/08/2015 05:00:00 PM,127,110,17
01/08/2015 06:00:00 PM,55,47,8
01/08/2015 07:00:00 PM,25,21,4
01/08/2015 08:00:00 PM,18,15,3
01/08/2015 09:00:00 PM,4,2,2
01/08/2015 10:00:00 PM,5,3,2
01/08/2015 11:00:00 PM,3,2,1
01/09/2015 12:00:00 AM,3,3,0
01/09/2015 01:00:00 AM,5,5,0
01/09/2015 02:00:00 AM,2,0,2
01/09/2015 03:00:00 AM,2,0,2
01/09/2015 04:00:00 AM,4,0,4
01/09/2015 05:00:00 AM,14,2,12
01/09/2015 06:00:00 AM,52,7,45
01/09/2015 07:00:00 AM,65,10,55
01/09/2015 08:00:00 AM,104,16,88
01/09/2015 09:00:00 AM,36,5,31
01/09/2015 10:00:00 AM,13,6,7
01/09/2015 11:00:00 AM,12,5,7
01/09/2015 12:00:00 PM,19,12,7
01/09/2015 01:00:00 PM,19,10,9
01/09/2015 02:00:00 PM,17,11,6
01/09/2015 03:00:00 PM,34,22,12
01/09/2015 04:00:00 PM,65,51,14
01/09/2015 05:00:00 PM,92,84,8
01/09/2015 06:00:00 PM,42,40,2
01/09/2015 07:00:00 PM,18,16,2
01/09/2015 08:00:00 PM,12,9,3
01/09/2015 09:00:00 PM,4,4,0
01/09/2015 10:00:00 PM,5,3,2
01/09/2015 11:00:00 PM,2,1,1
01/10/2015 12:00:00 AM,3,3,0
01/10/2015 01:00:00 AM,1,1,0
01/10/2015 02:00:00 AM,0,0,0
01/10/2015 03:00:00 AM,3,0,3
01/10/2015 04:00:00 AM,1,1,0
01/10/2015 05:00:00 AM,1,0,1
01/10/2015 06:00:00 AM,6,1,5
01/10/2015 07:00:00 AM,14,3,11
01/10/2015 08:00:00 AM,17,3,14
01/10/2015 09:00:00 AM,23,9,14
01/10/2015 10:00:00 AM,24,9,15
01/10/2015 11:00:00 AM,17,9,8
01/10/2015 12:00:00 PM,19,10,9
01/10/2015 01:00:00 PM,16,7,9
01/10/2015 02:00:00 PM,16,9,7
01/10/2015 03:00:00 PM,14,9,5
01/10/2015 04:00:00 PM,14,7,7
01/10/2015 05:00:00 PM,10,7,3
01/10/2015 06:00:00 PM,5,4,1
01/10/2015 07:00:00 PM,9,8,1
01/10/2015 08:00:00 PM,4,2,2
01/10/2015 09:00:00 PM,6,4,2
01/10/2015 10:00:00 PM,8,4,4
01/10/2015 11:00:00 PM,1,1,0
01/11/2015 12:00:00 AM,2,1,1
01/11/2015 01:00:00 AM,0,0,0
01/11/2015 02:00:00 AM,3,2,1
01/11/2015 03:00:00 AM,1,0,1
01/11/2015 04:00:00 AM,2,2,0
01/11/2015 05:00:00 AM,4,0,4
01/11/2015 06:00:00 AM,0,0,0
01/11/2015 07:00:00 AM,6,2,4
01/11/2015 08:00:00 AM,11,3,8
01/11/2015 09:00:00 AM,18,11,7
01/11/2015 10:00:00 AM,32,10,22
01/11/2015 11:00:00 AM,33,23,10
01/11/2015 12:00:00 PM,22,11,11
01/11/2015 01:00:00 PM,21,6,15
01/11/2015 02:00:00 PM,28,17,11
01/11/2015 03:00:00 PM,11,5,6
01/11/2015 04:00:00 PM,14,6,8
01/11/2015 05:00:00 PM,16,8,8
01/11/2015 06:00:00 PM,7,3,4
01/11/2015 07:00:00 PM,1,1,0
01/11/2015 08:00:00 PM,4,2,2
01/11/2015 09:00:00 PM,4,1,3
01/11/2015 10:00:00 PM,3,2,1
01/11/2015 11:00:00 PM,1,1,0
01/12/2015 12:00:00 AM,0,0,0
01/12/2015 01:00:00 AM,0,0,0
01/12/2015 02:00:00 AM,1,1,0
01/12/2015 03:00:00 AM,3,2,1
01/12/2015 04:00:00 AM,3,0,3
01/12/2015 05:00:00 AM,19,4,15
01/12/2015 06:00:00 AM,46,6,40
01/12/2015 07:00:00 AM,95,10,85
01/12/2015 08:00:00 AM,101,7,94
01/12/2015 09:00:00 AM,43,4,39
01/12/2015 10:00:00 AM,20,4,16
01/12/2015 11:00:00 AM,14,5,9
01/12/2015 12:00:00 PM,22,8,14
01/12/2015 01:00:00 PM,15,9,6
01/12/2015 02:00:00 PM,25,14,11
01/12/2015 03:00:00 PM,38,28,10
01/12/2015 04:00:00 PM,78,63,15
01/12/2015 05:00:00 PM,106,93,13
01/12/2015 06:00:00 PM,64,58,6
01/12/2015 07:00:00 PM,16,11,5
01/12/2015 08:00:00 PM,12,10,2
01/12/2015 09:00:00 PM,5,2,3
01/12/2015 10:00:00 PM,7,5,2
01/12/2015 11:00:00 PM,1,0,1
01/13/2015 12:00:00 AM,5,2,3
01/13/2015 01:00:00 AM,0,0,0
01/13/2015 02:00:00 AM,1,1,0
01/13/2015 03:00:00 AM,0,0,0
01/13/2015 04:00:00 AM,3,1,2
01/13/2015 05:00:00 AM,18,4,14
01/13/2015 06:00:00 AM,55,8,47
01/13/2015 07:00:00 AM,105,13,92
01/13/2015 08:00:00 AM,118,9,109
01/13/2015 09:00:00 AM,47,4,43
01/13/2015 10:00:00 AM,16,3,13
01/13/2015 11:00:00 AM,17,8,9
01/13/2015 12:00:00 PM,22,9,13
01/13/2015 01:00:00 PM,23,10,13
01/13/2015 02:00:00 PM,22,13,9
01/13/2015 03:00:00 PM,39,29,10
01/13/2015 04:00:00 PM,81,63,18
01/13/2015 05:00:00 PM,139,122,17
01/13/2015 06:00:00 PM,69,60,9
01/13/2015 07:00:00 PM,25,21,4
01/13/2015 08:00:00 PM,12,10,2
01/13/2015 09:00:00 PM,9,6,3
01/13/2015 10:00:00 PM,8,3,5
01/13/2015 11:00:00 PM,2,0,2
01/14/2015 12:00:00 AM,1,1,0
01/14/2015 01:00:00 AM,0,0,0
01/14/2015 02:00:00 AM,0,0,0
01/14/2015 03:00:00 AM,4,4,0
01/14/2015 04:00:00 AM,3,0,3
01/14/2015 05:00:00 AM,28,5,23
01/14/2015 06:00:00 AM,48,6,42
01/14/2015 07:00:00 AM,85,14,71
01/14/2015 08:00:00 AM,90,9,81
01/14/2015 09:00:00 AM,51,9,42
01/14/2015 10:00:00 AM,20,7,13
01/14/2015 11:00:00 AM,16,10,6
01/14/2015 12:00:00 PM,17,9,8
01/14/2015 01:00:00 PM,23,7,16
01/14/2015 02:00:00 PM,26,12,14
01/14/2015 03:00:00 PM,40,31,9
01/14/2015 04:00:00 PM,61,54,7
01/14/2015 05:00:00 PM,116,94,22
01/14/2015 06:00:00 PM,71,62,9
01/14/2015 07:00:00 PM,32,26,6
01/14/2015 08:00:00 PM,16,13,3
01/14/2015 09:00:00 PM,10,5,5
01/14/2015 10:00:00 PM,6,5,1
01/14/2015 11:00:00 PM,1,0,1
01/15/2015 12:00:00 AM,0,0,0
01/15/2015 01:00:00 AM,2,1,1
01/15/2015 02:00:00 AM,1,1,0
01/15/2015 03:00:00 AM,1,1,0
01/15/2015 04:00:00 AM,1,0,1
01/15/2015 05:00:00 AM,13,3,10
01/15/2015 06:00:00 AM,44,8,36
01/15/2015 07:00:00 AM,58,8,50
01/15/2015 08:00:00 AM,86,9,77
01/15/2015 09:00:00 AM,31,7,24
01/15/2015 10:00:00 AM,11,3,8
01/15/2015 11:00:00 AM,8,3,5
01/15/2015 12:00:00 PM,7,5,2
01/15/2015 01:00:00 PM,9,3,6
01/15/2015 02:00:00 PM,12,7,5
01/15/2015 03:00:00 PM,19,13,6
01/15/2015 04:00:00 PM,53,43,10
01/15/2015 05:00:00 PM,79,63,16
01/15/2015 06:00:00 PM,42,39,3
01/15/2015 07:00:00 PM,15,10,5
01/15/2015 08:00:00 PM,6,5,1
01/15/2015 09:00:00 PM,2,0,2
01/15/2015 10:00:00 PM,5,5,0
01/15/2015 11:00:00 PM,2,2,0
01/16/2015 12:00:00 AM,5,3,2
01/16/2015 01:00:00 AM,2,0,2
01/16/2015 02:00:00 AM,0,0,0
01/16/2015 03:00:00 AM,1,0,1
01/16/2015 04:00:00 AM,3,1,2
01/16/2015 05:00:00 AM,13,3,10
01/16/2015 06:00:00 AM,31,5,26
01/16/2015 07:00:00 AM,65,8,57
01/16/2015 08:00:00 AM,77,5,72
01/16/2015 09:00:00 AM,31,3,28
01/16/2015 10:00:00 AM,20,7,13
01/16/2015 11:00:00 AM,20,7,13
01/16/2015 12:00:00 PM,14,2,12
01/16/2015 01:00:00 PM,16,8,8
01/16/2015 02:00:00 PM,22,14,8
01/16/2015 03:00:00 PM,26,18,8
01/16/2015 04:00:00 PM,61,46,15
01/16/2015 05:00:00 PM,80,69,11
01/16/2015 06:00:00 PM,42,39,3
01/16/2015 07:00:00 PM,28,17,11
01/16/2015 08:00:00 PM,14,12,2
01/16/2015 09:00:00 PM,9,6,3
01/16/2015 10:00:00 PM,3,1,2
01/16/2015 11:00:00 PM,1,1,0
01/17/2015 12:00:00 AM,1,0,1
01/17/2015 01:00:00 AM,1,1,0
01/17/2015 02:00:00 AM,2,0,2
01/17/2015 03:00:00 AM,4,2,2
01/17/2015 04:00:00 AM,1,0,1
01/17/2015 05:00:00 AM,4,0,4
01/17/2015 06:00:00 AM,9,2,7
01/17/2015 07:00:00 AM,5,3,2
01/17/2015 08:00:00 AM,10,5,5
01/17/2015 09:00:00 AM,9,3,6
01/17/2015 10:00:00 AM,14,5,9
01/17/2015 11:00:00 AM,24,12,12
01/17/2015 12:00:00 PM,8,2,6
01/17/2015 01:00:00 PM,14,7,7
01/17/2015 02:00:00 PM,15,9,6
01/17/2015 03:00:00 PM,11,11,0
01/17/2015 04:00:00 PM,10,6,4
01/17/2015 05:00:00 PM,6,1,5
01/17/2015 06:00:00 PM,5,3,2
01/17/2015 07:00:00 PM,4,0,4
01/17/2015 08:00:00 PM,3,2,1
01/17/2015 09:00:00 PM,4,2,2
01/17/2015 10:00:00 PM,0,0,0
01/17/2015 11:00:00 PM,0,0,0
01/18/2015 12:00:00 AM,2,2,0
01/18/2015 01:00:00 AM,1,0,1
01/18/2015 02:00:00 AM,2,1,1
01/18/2015 03:00:00 AM,3,1,2
01/18/2015 04:00:00 AM,3,2,1
01/18/2015 05:00:00 AM,2,0,2
01/18/2015 06:00:00 AM,2,1,1
01/18/2015 07:00:00 AM,6,3,3
01/18/2015 08:00:00 AM,15,6,9
01/18/2015 09:00:00 AM,8,3,5
01/18/2015 10:00:00 AM,14,2,12
01/18/2015 11:00:00 AM,7,3,4
01/18/2015 12:00:00 PM,6,2,4
01/18/2015 01:00:00 PM,3,1,2
01/18/2015 02:00:00 PM,8,5,3
01/18/2015 03:00:00 PM,3,2,1
01/18/2015 04:00:00 PM,7,2,5
01/18/2015 05:00:00 PM,7,2,5
01/18/2015 06:00:00 PM,3,3,0
01/18/2015 07:00:00 PM,3,3,0
01/18/2015 08:00:00 PM,0,0,0
01/18/2015 09:00:00 PM,3,2,1
01/18/2015 10:00:00 PM,1,1,0
01/18/2015 11:00:00 PM,0,0,0
01/19/2015 12:00:00 AM,1,1,0
01/19/2015 01:00:00 AM,0,0,0
01/19/2015 02:00:00 AM,2,1,1
01/19/2015 03:00:00 AM,3,1,2
01/19/2015 04:00:00 AM,2,0,2
01/19/2015 05:00:00 AM,11,3,8
01/19/2015 06:00:00 AM,27,7,20
01/19/2015 07:00:00 AM,43,7,36
01/19/2015 08:00:00 AM,57,6,51
01/19/2015 09:00:00 AM,36,15,21
01/19/2015 10:00:00 AM,22,10,12
01/19/2015 11:00:00 AM,23,11,12
01/19/2015 12:00:00 PM,24,11,13
01/19/2015 01:00:00 PM,31,17,14
01/19/2015 02:00:00 PM,28,11,17
01/19/2015 03:00:00 PM,28,17,11
01/19/2015 04:00:00 PM,63,38,25
01/19/2015 05:00:00 PM,73,57,16
01/19/2015 06:00:00 PM,29,26,3
01/19/2015 07:00:00 PM,15,12,3
01/19/2015 08:00:00 PM,5,3,2
01/19/2015 09:00:00 PM,5,4,1
01/19/2015 10:00:00 PM,3,2,1
01/19/2015 11:00:00 PM,2,0,2
01/20/2015 12:00:00 AM,2,1,1
01/20/2015 01:00:00 AM,3,2,1
01/20/2015 02:00:00 AM,0,0,0
01/20/2015 03:00:00 AM,1,0,1
01/20/2015 04:00:00 AM,5,4,1
01/20/2015 05:00:00 AM,22,1,21
01/20/2015 06:00:00 AM,50,12,38
01/20/2015 07:00:00 AM,109,11,98
01/20/2015 08:00:00 AM,98,8,90
01/20/2015 09:00:00 AM,41,5,36
01/20/2015 10:00:00 AM,26,8,18
01/20/2015 11:00:00 AM,21,10,11
01/20/2015 12:00:00 PM,13,7,6
01/20/2015 01:00:00 PM,35,17,18
01/20/2015 02:00:00 PM,54,30,24
01/20/2015 03:00:00 PM,54,30,24
01/20/2015 04:00:00 PM,70,54,16
01/20/2015 05:00:00 PM,138,123,15
01/20/2015 06:00:00 PM,80,71,9
01/20/2015 07:00:00 PM,35,25,10
01/20/2015 08:00:00 PM,18,14,4
01/20/2015 09:00:00 PM,7,5,2
01/20/2015 10:00:00 PM,7,4,3
01/20/2015 11:00:00 PM,1,1,0
01/21/2015 12:00:00 AM,1,1,0
01/21/2015 01:00:00 AM,1,1,0
01/21/2015 02:00:00 AM,0,0,0
01/21/2015 03:00:00 AM,1,0,1
01/21/2015 04:00:00 AM,5,1,4
01/21/2015 05:00:00 AM,17,4,13
01/21/2015 06:00:00 AM,54,8,46
01/21/2015 07:00:00 AM,96,14,82
01/21/2015 08:00:00 AM,95,10,85
01/21/2015 09:00:00 AM,42,9,33
01/21/2015 10:00:00 AM,13,2,11
01/21/2015 11:00:00 AM,17,5,12
01/21/2015 12:00:00 PM,14,7,7
01/21/2015 01:00:00 PM,17,5,12
01/21/2015 02:00:00 PM,26,16,10
01/21/2015 03:00:00 PM,31,25,6
01/21/2015 04:00:00 PM,68,58,10
01/21/2015 05:00:00 PM,121,108,13
01/21/2015 06:00:00 PM,66,63,3
01/21/2015 07:00:00 PM,34,30,4
01/21/2015 08:00:00 PM,19,14,5
01/21/2015 09:00:00 PM,7,4,3
01/21/2015 10:00:00 PM,3,3,0
01/21/2015 11:00:00 PM,4,3,1
01/22/2015 12:00:00 AM,1,1,0
01/22/2015 01:00:00 AM,0,0,0
01/22/2015 02:00:00 AM,1,0,1
01/22/2015 03:00:00 AM,0,0,0
01/22/2015 04:00:00 AM,3,0,3
01/22/2015 05:00:00 AM,15,4,11
01/22/2015 06:00:00 AM,38,4,34
01/22/2015 07:00:00 AM,76,10,66
01/22/2015 08:00:00 AM,88,6,82
01/22/2015 09:00:00 AM,40,1,39
01/22/2015 10:00:00 AM,8,1,7
01/22/2015 11:00:00 AM,14,5,9
01/22/2015 12:00:00 PM,19,11,8
01/22/2015 01:00:00 PM,9,3,6
01/22/2015 02:00:00 PM,15,11,4
01/22/2015 03:00:00 PM,23,18,5
01/22/2015 04:00:00 PM,51,38,13
01/22/2015 05:00:00 PM,98,85,13
01/22/2015 06:00:00 PM,58,53,5
01/22/2015 07:00:00 PM,25,22,3
01/22/2015 08:00:00 PM,12,12,0
01/22/2015 09:00:00 PM,7,3,4
01/22/2015 10:00:00 PM,8,6,2
01/22/2015 11:00:00 PM,8,6,2
01/23/2015 12:00:00 AM,5,5,0
01/23/2015 01:00:00 AM,3,3,0
01/23/2015 02:00:00 AM,0,0,0
01/23/2015 03:00:00 AM,2,0,2
01/23/2015 04:00:00 AM,4,0,4
01/23/2015 05:00:00 AM,11,2,9
01/23/2015 06:00:00 AM,38,8,30
01/23/2015 07:00:00 AM,63,10,53
01/23/2015 08:00:00 AM,79,10,69
01/23/2015 09:00:00 AM,41,8,33
01/23/2015 10:00:00 AM,15,4,11
01/23/2015 11:00:00 AM,2,0,2
01/23/2015 12:00:00 PM,8,3,5
01/23/2015 01:00:00 PM,11,7,4
01/23/2015 02:00:00 PM,19,13,6
01/23/2015 03:00:00 PM,19,16,3
01/23/2015 04:00:00 PM,44,37,7
01/23/2015 05:00:00 PM,73,60,13
01/23/2015 06:00:00 PM,47,41,6
01/23/2015 07:00:00 PM,19,14,5
01/23/2015 08:00:00 PM,16,13,3
01/23/2015 09:00:00 PM,3,2,1
01/23/2015 10:00:00 PM,2,2,0
01/23/2015 11:00:00 PM,7,3,4
01/24/2015 12:00:00 AM,4,0,4
01/24/2015 01:00:00 AM,3,2,1
01/24/2015 02:00:00 AM,6,1,5
01/24/2015 03:00:00 AM,4,0,4
01/24/2015 04:00:00 AM,1,0,1
01/24/2015 05:00:00 AM,3,0,3
01/24/2015 06:00:00 AM,5,2,3
01/24/2015 07:00:00 AM,4,0,4
01/24/2015 08:00:00 AM,22,9,13
01/24/2015 09:00:00 AM,26,7,19
01/24/2015 10:00:00 AM,12,5,7
01/24/2015 11:00:00 AM,19,12,7
01/24/2015 12:00:00 PM,22,9,13
01/24/2015 01:00:00 PM,35,21,14
01/24/2015 02:00:00 PM,28,17,11
01/24/2015 03:00:00 PM,35,18,17
01/24/2015 04:00:00 PM,25,10,15
01/24/2015 05:00:00 PM,23,13,10
01/24/2015 06:00:00 PM,12,7,5
01/24/2015 07:00:00 PM,4,4,0
01/24/2015 08:00:00 PM,6,3,3
01/24/2015 09:00:00 PM,5,1,4
01/24/2015 10:00:00 PM,4,2,2
01/24/2015 11:00:00 PM,1,0,1
01/25/2015 12:00:00 AM,2,2,0
01/25/2015 01:00:00 AM,3,3,0
01/25/2015 02:00:00 AM,4,4,0
01/25/2015 03:00:00 AM,5,1,4
01/25/2015 04:00:00 AM,6,3,3
01/25/2015 05:00:00 AM,3,1,2
01/25/2015 06:00:00 AM,4,1,3
01/25/2015 07:00:00 AM,7,1,6
01/25/2015 08:00:00 AM,15,8,7
01/25/2015 09:00:00 AM,33,9,24
01/25/2015 10:00:00 AM,36,14,22
01/25/2015 11:00:00 AM,65,36,29
01/25/2015 12:00:00 PM,88,51,37
01/25/2015 01:00:00 PM,116,53,63
01/25/2015 02:00:00 PM,114,55,59
01/25/2015 03:00:00 PM,95,49,46
01/25/2015 04:00:00 PM,70,29,41
01/25/2015 05:00:00 PM,64,26,38
01/25/2015 06:00:00 PM,16,13,3
01/25/2015 07:00:00 PM,6,5,1
01/25/2015 08:00:00 PM,7,6,1
01/25/2015 09:00:00 PM,2,0,2
01/25/2015 10:00:00 PM,0,0,0
01/25/2015 11:00:00 PM,2,0,2
01/26/2015 12:00:00 AM,1,1,0
01/26/2015 01:00:00 AM,1,0,1
01/26/2015 02:00:00 AM,1,0,1
01/26/2015 03:00:00 AM,4,0,4
01/26/2015 04:00:00 AM,5,1,4
01/26/2015 05:00:00 AM,26,7,19
01/26/2015 06:00:00 AM,57,10,47
01/26/2015 07:00:00 AM,115,9,106
01/26/2015 08:00:00 AM,99,12,87
01/26/2015 09:00:00 AM,58,13,45
01/26/2015 10:00:00 AM,31,9,22
01/26/2015 11:00:00 AM,13,5,8
01/26/2015 12:00:00 PM,33,16,17
01/26/2015 01:00:00 PM,38,17,21
01/26/2015 02:00:00 PM,46,24,22
01/26/2015 03:00:00 PM,48,33,15
01/26/2015 04:00:00 PM,100,75,25
01/26/2015 05:00:00 PM,116,101,15
01/26/2015 06:00:00 PM,98,86,12
01/26/2015 07:00:00 PM,24,16,8
01/26/2015 08:00:00 PM,10,8,2
01/26/2015 09:00:00 PM,17,8,9
01/26/2015 10:00:00 PM,7,7,0
01/26/2015 11:00:00 PM,6,2,4
01/27/2015 12:00:00 AM,4,2,2
01/27/2015 01:00:00 AM,2,2,0
01/27/2015 02:00:00 AM,1,1,0
01/27/2015 03:00:00 AM,2,0,2
01/27/2015 04:00:00 AM,1,1,0
01/27/2015 05:00:00 AM,21,4,17
01/27/2015 06:00:00 AM,56,11,45
01/27/2015 07:00:00 AM,119,10,109
01/27/2015 08:00:00 AM,118,16,102
01/27/2015 09:00:00 AM,33,4,29
01/27/2015 10:00:00 AM,25,6,19
01/27/2015 11:00:00 AM,12,7,5
01/27/2015 12:00:00 PM,16,8,8
01/27/2015 01:00:00 PM,11,6,5
01/27/2015 02:00:00 PM,20,13,7
01/27/2015 03:00:00 PM,28,20,8
01/27/2015 04:00:00 PM,60,48,12
01/27/2015 05:00:00 PM,115,104,11
01/27/2015 06:00:00 PM,64,57,7
01/27/2015 07:00:00 PM,33,31,2
01/27/2015 08:00:00 PM,24,15,9
01/27/2015 09:00:00 PM,8,6,2
01/27/2015 10:00:00 PM,6,5,1
01/27/2015 11:00:00 PM,3,1,2
01/28/2015 12:00:00 AM,2,1,1
01/28/2015 01:00:00 AM,1,1,0
01/28/2015 02:00:00 AM,3,3,0
01/28/2015 03:00:00 AM,1,1,0
01/28/2015 04:00:00 AM,6,2,4
01/28/2015 05:00:00 AM,23,5,18
01/28/2015 06:00:00 AM,59,10,49
01/28/2015 07:00:00 AM,96,8,88
01/28/2015 08:00:00 AM,86,8,78
01/28/2015 09:00:00 AM,50,9,41
01/28/2015 10:00:00 AM,22,6,16
01/28/2015 11:00:00 AM,22,9,13
01/28/2015 12:00:00 PM,27,11,16
01/28/2015 01:00:00 PM,17,6,11
01/28/2015 02:00:00 PM,28,15,13
01/28/2015 03:00:00 PM,38,28,10
01/28/2015 04:00:00 PM,69,52,17
01/28/2015 05:00:00 PM,107,93,14
01/28/2015 06:00:00 PM,67,56,11
01/28/2015 07:00:00 PM,25,22,3
01/28/2015 08:00:00 PM,18,17,1
01/28/2015 09:00:00 PM,7,6,1
01/28/2015 10:00:00 PM,3,2,1
01/28/2015 11:00:00 PM,5,2,3
01/29/2015 12:00:00 AM,2,2,0
01/29/2015 01:00:00 AM,0,0,0
01/29/2015 02:00:00 AM,4,2,2
01/29/2015 03:00:00 AM,1,0,1
01/29/2015 04:00:00 AM,3,0,3
01/29/2015 05:00:00 AM,25,7,18
01/29/2015 06:00:00 AM,52,10,42
01/29/2015 07:00:00 AM,104,15,89
01/29/2015 08:00:00 AM,108,13,95
01/29/2015 09:00:00 AM,31,1,30
01/29/2015 10:00:00 AM,20,3,17
01/29/2015 11:00:00 AM,27,13,14
01/29/2015 12:00:00 PM,22,9,13
01/29/2015 01:00:00 PM,37,13,24
01/29/2015 02:00:00 PM,26,20,6
01/29/2015 03:00:00 PM,44,30,14
01/29/2015 04:00:00 PM,80,58,22
01/29/2015 05:00:00 PM,124,106,18
01/29/2015 06:00:00 PM,85,73,12
01/29/2015 07:00:00 PM,32,28,4
01/29/2015 08:00:00 PM,20,15,5
01/29/2015 09:00:00 PM,8,4,4
01/29/2015 10:00:00 PM,5,2,3
01/29/2015 11:00:00 PM,6,4,2
01/30/2015 12:00:00 AM,2,1,1
01/30/2015 01:00:00 AM,4,2,2
01/30/2015 02:00:00 AM,2,2,0
01/30/2015 03:00:00 AM,1,0,1
01/30/2015 04:00:00 AM,6,1,5
01/30/2015 05:00:00 AM,18,5,13
01/30/2015 06:00:00 AM,33,3,30
01/30/2015 07:00:00 AM,73,4,69
01/30/2015 08:00:00 AM,103,11,92
01/30/2015 09:00:00 AM,29,4,25
01/30/2015 10:00:00 AM,15,5,10
01/30/2015 11:00:00 AM,8,3,5
01/30/2015 12:00:00 PM,17,7,10
01/30/2015 01:00:00 PM,19,13,6
01/30/2015 02:00:00 PM,23,9,14
01/30/2015 03:00:00 PM,37,25,12
01/30/2015 04:00:00 PM,62,60,2
01/30/2015 05:00:00 PM,89,77,12
01/30/2015 06:00:00 PM,53,46,7
01/30/2015 07:00:00 PM,21,20,1
01/30/2015 08:00:00 PM,6,5,1
01/30/2015 09:00:00 PM,8,5,3
01/30/2015 10:00:00 PM,7,7,0
01/30/2015 11:00:00 PM,4,1,3
01/31/2015 12:00:00 AM,1,1,0
01/31/2015 01:00:00 AM,2,1,1
01/31/2015 02:00:00 AM,0,0,0
01/31/2015 03:00:00 AM,7,4,3
01/31/2015 04:00:00 AM,3,0,3
01/31/2015 05:00:00 AM,2,0,2
01/31/2015 06:00:00 AM,6,2,4
01/31/2015 07:00:00 AM,10,2,8
01/31/2015 08:00:00 AM,19,5,14
01/31/2015 09:00:00 AM,19,9,10
01/31/2015 10:00:00 AM,36,15,21
01/31/2015 11:00:00 AM,28,14,14
01/31/2015 12:00:00 PM,24,13,11
01/31/2015 01:00:00 PM,56,37,19
01/31/2015 02:00:00 PM,45,24,21
01/31/2015 03:00:00 PM,43,18,25
01/31/2015 04:00:00 PM,48,15,33
01/31/2015 05:00:00 PM,29,12,17
01/31/2015 06:00:00 PM,17,13,4
01/31/2015 07:00:00 PM,8,3,5
01/31/2015 08:00:00 PM,4,3,1
01/31/2015 09:00:00 PM,5,2,3
01/31/2015 10:00:00 PM,2,2,0
01/31/2015 11:00:00 PM,16,14,2
02/01/2015 12:00:00 AM,4,2,2
02/01/2015 01:00:00 AM,0,0,0
02/01/2015 02:00:00 AM,2,1,1
02/01/2015 03:00:00 AM,2,0,2
02/01/2015 04:00:00 AM,2,1,1
02/01/2015 05:00:00 AM,1,1,0
02/01/2015 06:00:00 AM,2,1,1
02/01/2015 07:00:00 AM,4,1,3
02/01/2015 08:00:00 AM,10,3,7
02/01/2015 09:00:00 AM,15,6,9
02/01/2015 10:00:00 AM,26,19,7
02/01/2015 11:00:00 AM,32,11,21
02/01/2015 12:00:00 PM,19,10,9
02/01/2015 01:00:00 PM,14,3,11
02/01/2015 02:00:00 PM,9,5,4
02/01/2015 03:00:00 PM,12,5,7
02/01/2015 04:00:00 PM,8,6,2
02/01/2015 05:00:00 PM,3,2,1
02/01/2015 06:00:00 PM,1,0,1
02/01/2015 07:00:00 PM,9,2,7
02/01/2015 08:00:00 PM,4,4,0
02/01/2015 09:00:00 PM,4,2,2
02/01/2015 10:00:00 PM,3,3,0
02/01/2015 11:00:00 PM,4,1,3
02/02/2015 12:00:00 AM,0,0,0
02/02/2015 01:00:00 AM,1,0,1
02/02/2015 02:00:00 AM,0,0,0
02/02/2015 03:00:00 AM,1,0,1
02/02/2015 04:00:00 AM,3,2,1
02/02/2015 05:00:00 AM,17,3,14
02/02/2015 06:00:00 AM,43,4,39
02/02/2015 07:00:00 AM,78,10,68
02/02/2015 08:00:00 AM,74,6,68
02/02/2015 09:00:00 AM,27,6,21
02/02/2015 10:00:00 AM,10,5,5
02/02/2015 11:00:00 AM,5,2,3
02/02/2015 12:00:00 PM,7,2,5
02/02/2015 01:00:00 PM,13,4,9
02/02/2015 02:00:00 PM,14,5,9
02/02/2015 03:00:00 PM,28,19,9
02/02/2015 04:00:00 PM,53,44,9
02/02/2015 05:00:00 PM,79,64,15
02/02/2015 06:00:00 PM,61,55,6
02/02/2015 07:00:00 PM,18,15,3
02/02/2015 08:00:00 PM,5,3,2
02/02/2015 09:00:00 PM,3,3,0
02/02/2015 10:00:00 PM,1,0,1
02/02/2015 11:00:00 PM,3,2,1
02/03/2015 12:00:00 AM,1,1,0
02/03/2015 01:00:00 AM,2,0,2
02/03/2015 02:00:00 AM,0,0,0
02/03/2015 03:00:00 AM,2,1,1
02/03/2015 04:00:00 AM,4,1,3
02/03/2015 05:00:00 AM,20,3,17
02/03/2015 06:00:00 AM,52,6,46
02/03/2015 07:00:00 AM,104,13,91
02/03/2015 08:00:00 AM,106,13,93
02/03/2015 09:00:00 AM,36,3,33
02/03/2015 10:00:00 AM,21,4,17
02/03/2015 11:00:00 AM,12,3,9
02/03/2015 12:00:00 PM,8,1,7
02/03/2015 01:00:00 PM,9,6,3
02/03/2015 02:00:00 PM,15,11,4
02/03/2015 03:00:00 PM,25,21,4
02/03/2015 04:00:00 PM,62,51,11
02/03/2015 05:00:00 PM,105,89,16
02/03/2015 06:00:00 PM,71,62,9
02/03/2015 07:00:00 PM,32,27,5
02/03/2015 08:00:00 PM,12,10,2
02/03/2015 09:00:00 PM,10,7,3
02/03/2015 10:00:00 PM,3,3,0
02/03/2015 11:00:00 PM,4,2,2
02/04/2015 12:00:00 AM,4,3,1
02/04/2015 01:00:00 AM,3,1,2
02/04/2015 02:00:00 AM,0,0,0
02/04/2015 03:00:00 AM,0,0,0
02/04/2015 04:00:00 AM,6,2,4
02/04/2015 05:00:00 AM,18,4,14
02/04/2015 06:00:00 AM,52,7,45
02/04/2015 07:00:00 AM,101,10,91
02/04/2015 08:00:00 AM,95,11,84
02/04/2015 09:00:00 AM,43,4,39
02/04/2015 10:00:00 AM,17,8,9
02/04/2015 11:00:00 AM,14,8,6
02/04/2015 12:00:00 PM,15,5,10
02/04/2015 01:00:00 PM,15,7,8
02/04/2015 02:00:00 PM,20,14,6
02/04/2015 03:00:00 PM,34,23,11
02/04/2015 04:00:00 PM,68,56,12
02/04/2015 05:00:00 PM,91,78,13
02/04/2015 06:00:00 PM,72,65,7
02/04/2015 07:00:00 PM,21,16,5
02/04/2015 08:00:00 PM,12,10,2
02/04/2015 09:00:00 PM,4,2,2
02/04/2015 10:00:00 PM,1,1,0
02/04/2015 11:00:00 PM,11,8,3
02/05/2015 12:00:00 AM,1,1,0
02/05/2015 01:00:00 AM,2,1,1
02/05/2015 02:00:00 AM,1,1,0
02/05/2015 03:00:00 AM,2,1,1
02/05/2015 04:00:00 AM,2,0,2
02/05/2015 05:00:00 AM,7,2,5
02/05/2015 06:00:00 AM,31,3,28
02/05/2015 07:00:00 AM,58,10,48
02/05/2015 08:00:00 AM,48,5,43
02/05/2015 09:00:00 AM,19,0,19
02/05/2015 10:00:00 AM,11,1,10
02/05/2015 11:00:00 AM,15,6,9
02/05/2015 12:00:00 PM,8,1,7
02/05/2015 01:00:00 PM,9,2,7
02/05/2015 02:00:00 PM,7,4,3
02/05/2015 03:00:00 PM,24,15,9
02/05/2015 04:00:00 PM,39,30,9
02/05/2015 05:00:00 PM,48,40,8
02/05/2015 06:00:00 PM,48,44,4
02/05/2015 07:00:00 PM,24,17,7
02/05/2015 08:00:00 PM,8,6,2
02/05/2015 09:00:00 PM,8,6,2
02/05/2015 10:00:00 PM,2,1,1
02/05/2015 11:00:00 PM,2,1,1
02/06/2015 12:00:00 AM,2,2,0
02/06/2015 01:00:00 AM,1,0,1
02/06/2015 02:00:00 AM,0,0,0
02/06/2015 03:00:00 AM,0,0,0
02/06/2015 04:00:00 AM,2,0,2
02/06/2015 05:00:00 AM,9,1,8
02/06/2015 06:00:00 AM,27,3,24
02/06/2015 07:00:00 AM,58,6,52
02/06/2015 08:00:00 AM,69,4,65
02/06/2015 09:00:00 AM,24,2,22
02/06/2015 10:00:00 AM,10,4,6
02/06/2015 11:00:00 AM,1,1,0
02/06/2015 12:00:00 PM,8,2,6
02/06/2015 01:00:00 PM,7,2,5
02/06/2015 02:00:00 PM,11,7,4
02/06/2015 03:00:00 PM,18,14,4
02/06/2015 04:00:00 PM,51,41,10
02/06/2015 05:00:00 PM,72,64,8
02/06/2015 06:00:00 PM,36,31,5
02/06/2015 07:00:00 PM,15,12,3
02/06/2015 08:00:00 PM,10,9,1
02/06/2015 09:00:00 PM,5,3,2
02/06/2015 10:00:00 PM,4,2,2
02/06/2015 11:00:00 PM,2,2,0
02/07/2015 12:00:00 AM,1,1,0
02/07/2015 01:00:00 AM,1,1,0
02/07/2015 02:00:00 AM,0,0,0
02/07/2015 03:00:00 AM,3,0,3
02/07/2015 04:00:00 AM,0,0,0
02/07/2015 05:00:00 AM,1,0,1
02/07/2015 06:00:00 AM,2,0,2
02/07/2015 07:00:00 AM,4,1,3
02/07/2015 08:00:00 AM,2,1,1
02/07/2015 09:00:00 AM,7,1,6
02/07/2015 10:00:00 AM,8,7,1
02/07/2015 11:00:00 AM,5,0,5
02/07/2015 12:00:00 PM,13,3,10
02/07/2015 01:00:00 PM,12,6,6
02/07/2015 02:00:00 PM,12,7,5
02/07/2015 03:00:00 PM,7,2,5
02/07/2015 04:00:00 PM,10,5,5
02/07/2015 05:00:00 PM,10,5,5
02/07/2015 06:00:00 PM,7,3,4
02/07/2015 07:00:00 PM,0,0,0
02/07/2015 08:00:00 PM,3,1,2
02/07/2015 09:00:00 PM,1,1,0
02/07/2015 10:00:00 PM,3,3,0
02/07/2015 11:00:00 PM,2,2,0
02/08/2015 12:00:00 AM,1,0,1
02/08/2015 01:00:00 AM,1,1,0
02/08/2015 02:00:00 AM,2,2,0
02/08/2015 03:00:00 AM,1,0,1
02/08/2015 04:00:00 AM,2,1,1
02/08/2015 05:00:00 AM,5,0,5
02/08/2015 06:00:00 AM,2,1,1
02/08/2015 07:00:00 AM,3,1,2
02/08/2015 08:00:00 AM,20,3,17
02/08/2015 09:00:00 AM,21,10,11
02/08/2015 10:00:00 AM,40,17,23
02/08/2015 11:00:00 AM,62,37,25
02/08/2015 12:00:00 PM,72,35,37
02/08/2015 01:00:00 PM,54,26,28
02/08/2015 02:00:00 PM,55,29,26
02/08/2015 03:00:00 PM,39,15,24
02/08/2015 04:00:00 PM,32,20,12
02/08/2015 05:00:00 PM,21,7,14
02/08/2015 06:00:00 PM,11,8,3
02/08/2015 07:00:00 PM,2,2,0
02/08/2015 08:00:00 PM,5,2,3
02/08/2015 09:00:00 PM,1,1,0
02/08/2015 10:00:00 PM,5,4,1
02/08/2015 11:00:00 PM,0,0,0
02/09/2015 12:00:00 AM,1,0,1
02/09/2015 01:00:00 AM,0,0,0
02/09/2015 02:00:00 AM,0,0,0
02/09/2015 03:00:00 AM,1,1,0
02/09/2015 04:00:00 AM,5,2,3
02/09/2015 05:00:00 AM,17,2,15
02/09/2015 06:00:00 AM,46,7,39
02/09/2015 07:00:00 AM,97,16,81
02/09/2015 08:00:00 AM,66,5,61
02/09/2015 09:00:00 AM,32,2,30
02/09/2015 10:00:00 AM,8,3,5
02/09/2015 11:00:00 AM,9,3,6
02/09/2015 12:00:00 PM,10,4,6
02/09/2015 01:00:00 PM,10,2,8
02/09/2015 02:00:00 PM,18,9,9
02/09/2015 03:00:00 PM,37,28,9
02/09/2015 04:00:00 PM,50,42,8
02/09/2015 05:00:00 PM,88,72,16
02/09/2015 06:00:00 PM,67,59,8
02/09/2015 07:00:00 PM,24,17,7
02/09/2015 08:00:00 PM,8,5,3
02/09/2015 09:00:00 PM,8,6,2
02/09/2015 10:00:00 PM,2,1,1
02/09/2015 11:00:00 PM,3,3,0
02/10/2015 12:00:00 AM,1,1,0
02/10/2015 01:00:00 AM,1,0,1
02/10/2015 02:00:00 AM,0,0,0
02/10/2015 03:00:00 AM,1,1,0
02/10/2015 04:00:00 AM,1,0,1
02/10/2015 05:00:00 AM,12,1,11
02/10/2015 06:00:00 AM,57,8,49
02/10/2015 07:00:00 AM,92,8,84
02/10/2015 08:00:00 AM,104,7,97
02/10/2015 09:00:00 AM,36,7,29
02/10/2015 10:00:00 AM,12,3,9
02/10/2015 11:00:00 AM,14,4,10
02/10/2015 12:00:00 PM,15,4,11
02/10/2015 01:00:00 PM,15,6,9
02/10/2015 02:00:00 PM,29,17,12
02/10/2015 03:00:00 PM,32,26,6
02/10/2015 04:00:00 PM,87,64,23
02/10/2015 05:00:00 PM,117,96,21
02/10/2015 06:00:00 PM,72,61,11
02/10/2015 07:00:00 PM,36,34,2
02/10/2015 08:00:00 PM,11,11,0
02/10/2015 09:00:00 PM,8,6,2
02/10/2015 10:00:00 PM,5,3,2
02/10/2015 11:00:00 PM,4,4,0
02/11/2015 12:00:00 AM,2,1,1
02/11/2015 01:00:00 AM,3,1,2
02/11/2015 02:00:00 AM,0,0,0
02/11/2015 03:00:00 AM,0,0,0
02/11/2015 04:00:00 AM,4,1,3
02/11/2015 05:00:00 AM,25,4,21
02/11/2015 06:00:00 AM,63,8,55
02/11/2015 07:00:00 AM,111,13,98
02/11/2015 08:00:00 AM,101,10,91
02/11/2015 09:00:00 AM,35,4,31
02/11/2015 10:00:00 AM,28,7,21
02/11/2015 11:00:00 AM,14,6,8
02/11/2015 12:00:00 PM,23,8,15
02/11/2015 01:00:00 PM,31,14,17
02/11/2015 02:00:00 PM,17,11,6
02/11/2015 03:00:00 PM,41,31,10
02/11/2015 04:00:00 PM,86,67,19
02/11/2015 05:00:00 PM,109,93,16
02/11/2015 06:00:00 PM,74,64,10
02/11/2015 07:00:00 PM,35,31,4
02/11/2015 08:00:00 PM,16,13,3
02/11/2015 09:00:00 PM,23,13,10
02/11/2015 10:00:00 PM,3,1,2
02/11/2015 11:00:00 PM,4,3,1
02/12/2015 12:00:00 AM,2,1,1
02/12/2015 01:00:00 AM,2,1,1
02/12/2015 02:00:00 AM,0,0,0
02/12/2015 03:00:00 AM,2,1,1
02/12/2015 04:00:00 AM,4,1,3
02/12/2015 05:00:00 AM,13,4,9
02/12/2015 06:00:00 AM,56,6,50
02/12/2015 07:00:00 AM,83,10,73
02/12/2015 08:00:00 AM,82,5,77
02/12/2015 09:00:00 AM,41,4,37
02/12/2015 10:00:00 AM,17,4,13
02/12/2015 11:00:00 AM,16,2,14
02/12/2015 12:00:00 PM,11,4,7
02/12/2015 01:00:00 PM,19,6,13
02/12/2015 02:00:00 PM,24,14,10
02/12/2015 03:00:00 PM,41,31,10
02/12/2015 04:00:00 PM,74,58,16
02/12/2015 05:00:00 PM,110,87,23
02/12/2015 06:00:00 PM,62,52,10
02/12/2015 07:00:00 PM,23,22,1
02/12/2015 08:00:00 PM,13,11,2
02/12/2015 09:00:00 PM,3,1,2
02/12/2015 10:00:00 PM,7,2,5
02/12/2015 11:00:00 PM,4,3,1
02/13/2015 12:00:00 AM,3,2,1
02/13/2015 01:00:00 AM,0,0,0
02/13/2015 02:00:00 AM,0,0,0
02/13/2015 03:00:00 AM,1,0,1
02/13/2015 04:00:00 AM,1,0,1
02/13/2015 05:00:00 AM,11,1,10
02/13/2015 06:00:00 AM,33,4,29
02/13/2015 07:00:00 AM,87,6,81
02/13/2015 08:00:00 AM,88,8,80
02/13/2015 09:00:00 AM,33,3,30
02/13/2015 10:00:00 AM,18,6,12
02/13/2015 11:00:00 AM,24,12,12
02/13/2015 12:00:00 PM,26,11,15
02/13/2015 01:00:00 PM,34,18,16
02/13/2015 02:00:00 PM,31,12,19
02/13/2015 03:00:00 PM,41,34,7
02/13/2015 04:00:00 PM,59,48,11
02/13/2015 05:00:00 PM,96,76,20
02/13/2015 06:00:00 PM,50,41,9
02/13/2015 07:00:00 PM,23,14,9
02/13/2015 08:00:00 PM,10,8,2
02/13/2015 09:00:00 PM,5,5,0
02/13/2015 10:00:00 PM,8,6,2
02/13/2015 11:00:00 PM,4,1,3
02/14/2015 12:00:00 AM,2,2,0
02/14/2015 01:00:00 AM,3,2,1
02/14/2015 02:00:00 AM,2,0,2
02/14/2015 03:00:00 AM,1,0,1
02/14/2015 04:00:00 AM,1,0,1
02/14/2015 05:00:00 AM,4,0,4
02/14/2015 06:00:00 AM,3,1,2
02/14/2015 07:00:00 AM,15,4,11
02/14/2015 08:00:00 AM,13,6,7
02/14/2015 09:00:00 AM,21,8,13
02/14/2015 10:00:00 AM,47,34,13
02/14/2015 11:00:00 AM,37,13,24
02/14/2015 12:00:00 PM,47,21,26
02/14/2015 01:00:00 PM,33,13,20
02/14/2015 02:00:00 PM,43,18,25
02/14/2015 03:00:00 PM,52,25,27
02/14/2015 04:00:00 PM,56,32,24
02/14/2015 05:00:00 PM,35,24,11
02/14/2015 06:00:00 PM,12,12,0
02/14/2015 07:00:00 PM,6,5,1
02/14/2015 08:00:00 PM,15,11,4
02/14/2015 09:00:00 PM,5,2,3
02/14/2015 10:00:00 PM,4,3,1
02/14/2015 11:00:00 PM,0,0,0
02/15/2015 12:00:00 AM,1,1,0
02/15/2015 01:00:00 AM,2,1,1
02/15/2015 02:00:00 AM,1,1,0
02/15/2015 03:00:00 AM,1,0,1
02/15/2015 04:00:00 AM,1,1,0
02/15/2015 05:00:00 AM,4,0,4
02/15/2015 06:00:00 AM,3,1,2
02/15/2015 07:00:00 AM,15,3,12
02/15/2015 08:00:00 AM,8,4,4
02/15/2015 09:00:00 AM,44,19,25
02/15/2015 10:00:00 AM,47,22,25
02/15/2015 11:00:00 AM,73,38,35
02/15/2015 12:00:00 PM,91,53,38
02/15/2015 01:00:00 PM,86,51,35
02/15/2015 02:00:00 PM,85,48,37
02/15/2015 03:00:00 PM,83,41,42
02/15/2015 04:00:00 PM,71,32,39
02/15/2015 05:00:00 PM,36,15,21
02/15/2015 06:00:00 PM,13,6,7
02/15/2015 07:00:00 PM,12,4,8
02/15/2015 08:00:00 PM,3,2,1
02/15/2015 09:00:00 PM,1,0,1
02/15/2015 10:00:00 PM,1,1,0
02/15/2015 11:00:00 PM,2,1,1
02/16/2015 12:00:00 AM,2,0,2
02/16/2015 01:00:00 AM,4,2,2
02/16/2015 02:00:00 AM,0,0,0
02/16/2015 03:00:00 AM,2,0,2
02/16/2015 04:00:00 AM,2,0,2
02/16/2015 05:00:00 AM,7,1,6
02/16/2015 06:00:00 AM,25,6,19
02/16/2015 07:00:00 AM,40,4,36
02/16/2015 08:00:00 AM,59,13,46
02/16/2015 09:00:00 AM,33,5,28
02/16/2015 10:00:00 AM,47,25,22
02/16/2015 11:00:00 AM,29,11,18
02/16/2015 12:00:00 PM,40,19,21
02/16/2015 01:00:00 PM,53,30,23
02/16/2015 02:00:00 PM,63,31,32
02/16/2015 03:00:00 PM,66,38,28
02/16/2015 04:00:00 PM,47,28,19
02/16/2015 05:00:00 PM,83,49,34
02/16/2015 06:00:00 PM,44,39,5
02/16/2015 07:00:00 PM,18,11,7
02/16/2015 08:00:00 PM,8,5,3
02/16/2015 09:00:00 PM,5,4,1
02/16/2015 10:00:00 PM,4,3,1
02/16/2015 11:00:00 PM,4,3,1
02/17/2015 12:00:00 AM,1,1,0
02/17/2015 01:00:00 AM,2,1,1
02/17/2015 02:00:00 AM,0,0,0
02/17/2015 03:00:00 AM,0,0,0
02/17/2015 04:00:00 AM,3,1,2
02/17/2015 05:00:00 AM,28,1,27
02/17/2015 06:00:00 AM,58,11,47
02/17/2015 07:00:00 AM,117,12,105
02/17/2015 08:00:00 AM,113,8,105
02/17/2015 09:00:00 AM,50,6,44
02/17/2015 10:00:00 AM,20,3,17
02/17/2015 11:00:00 AM,26,14,12
02/17/2015 12:00:00 PM,32,11,21
02/17/2015 01:00:00 PM,28,13,15
02/17/2015 02:00:00 PM,46,27,19
02/17/2015 03:00:00 PM,51,36,15
02/17/2015 04:00:00 PM,83,66,17
02/17/2015 05:00:00 PM,154,133,21
02/17/2015 06:00:00 PM,63,52,11
02/17/2015 07:00:00 PM,40,34,6
02/17/2015 08:00:00 PM,14,12,2
02/17/2015 09:00:00 PM,8,8,0
02/17/2015 10:00:00 PM,0,0,0
02/17/2015 11:00:00 PM,5,5,0
02/18/2015 12:00:00 AM,1,0,1
02/18/2015 01:00:00 AM,3,1,2
02/18/2015 02:00:00 AM,1,0,1
02/18/2015 03:00:00 AM,2,1,1
02/18/2015 04:00:00 AM,9,2,7
02/18/2015 05:00:00 AM,17,6,11
02/18/2015 06:00:00 AM,72,11,61
02/18/2015 07:00:00 AM,114,12,102
02/18/2015 08:00:00 AM,110,9,101
02/18/2015 09:00:00 AM,45,4,41
02/18/2015 10:00:00 AM,28,5,23
02/18/2015 11:00:00 AM,20,11,9
02/18/2015 12:00:00 PM,19,10,9
02/18/2015 01:00:00 PM,25,10,15
02/18/2015 02:00:00 PM,26,15,11
02/18/2015 03:00:00 PM,37,29,8
02/18/2015 04:00:00 PM,68,55,13
02/18/2015 05:00:00 PM,130,115,15
02/18/2015 06:00:00 PM,79,73,6
02/18/2015 07:00:00 PM,34,31,3
02/18/2015 08:00:00 PM,18,16,2
02/18/2015 09:00:00 PM,3,3,0
02/18/2015 10:00:00 PM,3,3,0
02/18/2015 11:00:00 PM,5,4,1
02/19/2015 12:00:00 AM,3,3,0
02/19/2015 01:00:00 AM,0,0,0
02/19/2015 02:00:00 AM,3,0,3
02/19/2015 03:00:00 AM,0,0,0
02/19/2015 04:00:00 AM,3,1,2
02/19/2015 05:00:00 AM,18,3,15
02/19/2015 06:00:00 AM,53,11,42
02/19/2015 07:00:00 AM,77,10,67
02/19/2015 08:00:00 AM,106,16,90
02/19/2015 09:00:00 AM,41,2,39
02/19/2015 10:00:00 AM,15,3,12
02/19/2015 11:00:00 AM,13,7,6
02/19/2015 12:00:00 PM,8,1,7
02/19/2015 01:00:00 PM,7,2,5
02/19/2015 02:00:00 PM,12,6,6
02/19/2015 03:00:00 PM,26,20,6
02/19/2015 04:00:00 PM,53,45,8
02/19/2015 05:00:00 PM,101,91,10
02/19/2015 06:00:00 PM,44,39,5
02/19/2015 07:00:00 PM,27,20,7
02/19/2015 08:00:00 PM,16,14,2
02/19/2015 09:00:00 PM,5,5,0
02/19/2015 10:00:00 PM,4,2,2
02/19/2015 11:00:00 PM,2,2,0
02/20/2015 12:00:00 AM,1,1,0
02/20/2015 01:00:00 AM,2,2,0
02/20/2015 02:00:00 AM,1,0,1
02/20/2015 03:00:00 AM,2,2,0
02/20/2015 04:00:00 AM,1,0,1
02/20/2015 05:00:00 AM,12,0,12
02/20/2015 06:00:00 AM,39,4,35
02/20/2015 07:00:00 AM,75,18,57
02/20/2015 08:00:00 AM,69,4,65
02/20/2015 09:00:00 AM,37,8,29
02/20/2015 10:00:00 AM,16,3,13
02/20/2015 11:00:00 AM,14,8,6
02/20/2015 12:00:00 PM,11,1,10
02/20/2015 01:00:00 PM,22,6,16
02/20/2015 02:00:00 PM,23,12,11
02/20/2015 03:00:00 PM,29,23,6
02/20/2015 04:00:00 PM,47,42,5
02/20/2015 05:00:00 PM,85,67,18
02/20/2015 06:00:00 PM,45,36,9
02/20/2015 07:00:00 PM,19,15,4
02/20/2015 08:00:00 PM,7,5,2
02/20/2015 09:00:00 PM,3,3,0
02/20/2015 10:00:00 PM,1,1,0
02/20/2015 11:00:00 PM,5,4,1
02/21/2015 12:00:00 AM,4,1,3
02/21/2015 01:00:00 AM,0,0,0
02/21/2015 02:00:00 AM,4,3,1
02/21/2015 03:00:00 AM,0,0,0
02/21/2015 04:00:00 AM,2,0,2
02/21/2015 05:00:00 AM,3,0,3
02/21/2015 06:00:00 AM,7,3,4
02/21/2015 07:00:00 AM,10,2,8
02/21/2015 08:00:00 AM,23,9,14
02/21/2015 09:00:00 AM,23,11,12
02/21/2015 10:00:00 AM,34,13,21
02/21/2015 11:00:00 AM,41,16,25
02/21/2015 12:00:00 PM,43,18,25
02/21/2015 01:00:00 PM,51,34,17
02/21/2015 02:00:00 PM,37,16,21
02/21/2015 03:00:00 PM,46,26,20
02/21/2015 04:00:00 PM,48,24,24
02/21/2015 05:00:00 PM,33,12,21
02/21/2015 06:00:00 PM,20,13,7
02/21/2015 07:00:00 PM,8,5,3
02/21/2015 08:00:00 PM,2,2,0
02/21/2015 09:00:00 PM,1,1,0
02/21/2015 10:00:00 PM,3,2,1
02/21/2015 11:00:00 PM,3,2,1
02/22/2015 12:00:00 AM,1,1,0
02/22/2015 01:00:00 AM,0,0,0
02/22/2015 02:00:00 AM,0,0,0
02/22/2015 03:00:00 AM,1,0,1
02/22/2015 04:00:00 AM,4,2,2
02/22/2015 05:00:00 AM,4,0,4
02/22/2015 06:00:00 AM,11,0,11
02/22/2015 07:00:00 AM,61,9,52
02/22/2015 08:00:00 AM,45,5,40
02/22/2015 09:00:00 AM,39,16,23
02/22/2015 10:00:00 AM,45,18,27
02/22/2015 11:00:00 AM,39,25,14
02/22/2015 12:00:00 PM,67,46,21
02/22/2015 01:00:00 PM,96,58,38
02/22/2015 02:00:00 PM,76,40,36
02/22/2015 03:00:00 PM,66,40,26
02/22/2015 04:00:00 PM,90,56,34
02/22/2015 05:00:00 PM,27,18,9
02/22/2015 06:00:00 PM,16,11,5
02/22/2015 07:00:00 PM,3,3,0
02/22/2015 08:00:00 PM,2,0,2
02/22/2015 09:00:00 PM,5,3,2
02/22/2015 10:00:00 PM,5,5,0
02/22/2015 11:00:00 PM,2,1,1
02/23/2015 12:00:00 AM,0,0,0
02/23/2015 01:00:00 AM,0,0,0
02/23/2015 02:00:00 AM,1,0,1
02/23/2015 03:00:00 AM,4,3,1
02/23/2015 04:00:00 AM,4,0,4
02/23/2015 05:00:00 AM,12,2,10
02/23/2015 06:00:00 AM,47,10,37
02/23/2015 07:00:00 AM,116,14,102
02/23/2015 08:00:00 AM,92,16,76
02/23/2015 09:00:00 AM,48,12,36
02/23/2015 10:00:00 AM,18,3,15
02/23/2015 11:00:00 AM,15,5,10
02/23/2015 12:00:00 PM,23,8,15
02/23/2015 01:00:00 PM,23,11,12
02/23/2015 02:00:00 PM,25,20,5
02/23/2015 03:00:00 PM,54,36,18
02/23/2015 04:00:00 PM,80,61,19
02/23/2015 05:00:00 PM,122,98,24
02/23/2015 06:00:00 PM,105,92,13
02/23/2015 07:00:00 PM,24,18,6
02/23/2015 08:00:00 PM,13,12,1
02/23/2015 09:00:00 PM,3,3,0
02/23/2015 10:00:00 PM,7,5,2
02/23/2015 11:00:00 PM,6,3,3
02/24/2015 12:00:00 AM,1,1,0
02/24/2015 01:00:00 AM,4,3,1
02/24/2015 02:00:00 AM,0,0,0
02/24/2015 03:00:00 AM,0,0,0
02/24/2015 04:00:00 AM,4,1,3
02/24/2015 05:00:00 AM,22,3,19
02/24/2015 06:00:00 AM,60,9,51
02/24/2015 07:00:00 AM,120,18,102
02/24/2015 08:00:00 AM,116,13,103
02/24/2015 09:00:00 AM,54,7,47
02/24/2015 10:00:00 AM,23,4,19
02/24/2015 11:00:00 AM,25,12,13
02/24/2015 12:00:00 PM,24,9,15
02/24/2015 01:00:00 PM,23,11,12
02/24/2015 02:00:00 PM,26,19,7
02/24/2015 03:00:00 PM,40,25,15
02/24/2015 04:00:00 PM,85,63,22
02/24/2015 05:00:00 PM,153,129,24
02/24/2015 06:00:00 PM,85,74,11
02/24/2015 07:00:00 PM,40,32,8
02/24/2015 08:00:00 PM,11,11,0
02/24/2015 09:00:00 PM,14,14,0
02/24/2015 10:00:00 PM,9,7,2
02/24/2015 11:00:00 PM,8,3,5
02/25/2015 12:00:00 AM,2,2,0
02/25/2015 01:00:00 AM,0,0,0
02/25/2015 02:00:00 AM,0,0,0
02/25/2015 03:00:00 AM,0,0,0
02/25/2015 04:00:00 AM,5,1,4
02/25/2015 05:00:00 AM,15,2,13
02/25/2015 06:00:00 AM,51,8,43
02/25/2015 07:00:00 AM,77,11,66
02/25/2015 08:00:00 AM,112,9,103
02/25/2015 09:00:00 AM,31,2,29
02/25/2015 10:00:00 AM,19,5,14
02/25/2015 11:00:00 AM,11,2,9
02/25/2015 12:00:00 PM,10,3,7
02/25/2015 01:00:00 PM,21,7,14
02/25/2015 02:00:00 PM,21,13,8
02/25/2015 03:00:00 PM,37,31,6
02/25/2015 04:00:00 PM,54,41,13
02/25/2015 05:00:00 PM,102,91,11
02/25/2015 06:00:00 PM,59,56,3
02/25/2015 07:00:00 PM,24,24,0
02/25/2015 08:00:00 PM,17,6,11
02/25/2015 09:00:00 PM,7,7,0
02/25/2015 10:00:00 PM,3,1,2
02/25/2015 11:00:00 PM,1,1,0
02/26/2015 12:00:00 AM,0,0,0
02/26/2015 01:00:00 AM,0,0,0
02/26/2015 02:00:00 AM,1,1,0
02/26/2015 03:00:00 AM,1,1,0
02/26/2015 04:00:00 AM,4,1,3
02/26/2015 05:00:00 AM,14,3,11
02/26/2015 06:00:00 AM,53,10,43
02/26/2015 07:00:00 AM,89,14,75
02/26/2015 08:00:00 AM,93,6,87
02/26/2015 09:00:00 AM,22,0,22
02/26/2015 10:00:00 AM,18,2,16
02/26/2015 11:00:00 AM,9,1,8
02/26/2015 12:00:00 PM,16,6,10
02/26/2015 01:00:00 PM,11,5,6
02/26/2015 02:00:00 PM,19,13,6
02/26/2015 03:00:00 PM,28,24,4
02/26/2015 04:00:00 PM,68,48,20
02/26/2015 05:00:00 PM,101,82,19
02/26/2015 06:00:00 PM,56,51,5
02/26/2015 07:00:00 PM,70,68,2
02/26/2015 08:00:00 PM,10,8,2
02/26/2015 09:00:00 PM,12,2,10
02/26/2015 10:00:00 PM,8,3,5
02/26/2015 11:00:00 PM,24,2,22
02/27/2015 12:00:00 AM,0,0,0
02/27/2015 01:00:00 AM,1,0,1
02/27/2015 02:00:00 AM,0,0,0
02/27/2015 03:00:00 AM,1,1,0
02/27/2015 04:00:00 AM,1,0,1
02/27/2015 05:00:00 AM,13,1,12
02/27/2015 06:00:00 AM,37,5,32
02/27/2015 07:00:00 AM,75,12,63
02/27/2015 08:00:00 AM,65,4,61
02/27/2015 09:00:00 AM,20,1,19
02/27/2015 10:00:00 AM,7,2,5
02/27/2015 11:00:00 AM,9,5,4
02/27/2015 12:00:00 PM,11,3,8
02/27/2015 01:00:00 PM,17,10,7
02/27/2015 02:00:00 PM,27,14,13
02/27/2015 03:00:00 PM,25,14,11
02/27/2015 04:00:00 PM,51,38,13
02/27/2015 05:00:00 PM,72,61,11
02/27/2015 06:00:00 PM,45,43,2
02/27/2015 07:00:00 PM,18,14,4
02/27/2015 08:00:00 PM,2,1,1
02/27/2015 09:00:00 PM,11,6,5
02/27/2015 10:00:00 PM,3,3,0
02/27/2015 11:00:00 PM,2,2,0
02/28/2015 12:00:00 AM,1,0,1
02/28/2015 01:00:00 AM,0,0,0
02/28/2015 02:00:00 AM,4,2,2
02/28/2015 03:00:00 AM,3,2,1
02/28/2015 04:00:00 AM,2,0,2
02/28/2015 05:00:00 AM,3,0,3
02/28/2015 06:00:00 AM,8,2,6
02/28/2015 07:00:00 AM,11,1,10
02/28/2015 08:00:00 AM,19,9,10
02/28/2015 09:00:00 AM,31,14,17
02/28/2015 10:00:00 AM,60,27,33
02/28/2015 11:00:00 AM,90,41,49
02/28/2015 12:00:00 PM,99,51,48
02/28/2015 01:00:00 PM,72,34,38
02/28/2015 02:00:00 PM,81,43,38
02/28/2015 03:00:00 PM,76,43,33
02/28/2015 04:00:00 PM,48,25,23
02/28/2015 05:00:00 PM,45,28,17
02/28/2015 06:00:00 PM,19,10,9
02/28/2015 07:00:00 PM,16,11,5
02/28/2015 08:00:00 PM,13,5,8
02/28/2015 09:00:00 PM,8,3,5
02/28/2015 10:00:00 PM,4,1,3
02/28/2015 11:00:00 PM,4,4,0
03/01/2015 12:00:00 AM,1,0,1
03/01/2015 01:00:00 AM,8,5,3
03/01/2015 02:00:00 AM,0,0,0
03/01/2015 03:00:00 AM,4,2,2
03/01/2015 04:00:00 AM,1,1,0
03/01/2015 05:00:00 AM,3,0,3
03/01/2015 06:00:00 AM,3,1,2
03/01/2015 07:00:00 AM,8,3,5
03/01/2015 08:00:00 AM,19,6,13
03/01/2015 09:00:00 AM,35,16,19
03/01/2015 10:00:00 AM,47,22,25
03/01/2015 11:00:00 AM,86,54,32
03/01/2015 12:00:00 PM,98,44,54
03/01/2015 01:00:00 PM,83,39,44
03/01/2015 02:00:00 PM,59,27,32
03/01/2015 03:00:00 PM,54,28,26
03/01/2015 04:00:00 PM,62,37,25
03/01/2015 05:00:00 PM,36,12,24
03/01/2015 06:00:00 PM,22,9,13
03/01/2015 07:00:00 PM,9,3,6
03/01/2015 08:00:00 PM,5,5,0
03/01/2015 09:00:00 PM,4,4,0
03/01/2015 10:00:00 PM,3,2,1
03/01/2015 11:00:00 PM,1,1,0
03/02/2015 12:00:00 AM,0,0,0
03/02/2015 01:00:00 AM,1,1,0
03/02/2015 02:00:00 AM,0,0,0
03/02/2015 03:00:00 AM,2,0,2
03/02/2015 04:00:00 AM,4,0,4
03/02/2015 05:00:00 AM,22,5,17
03/02/2015 06:00:00 AM,52,7,45
03/02/2015 07:00:00 AM,116,15,101
03/02/2015 08:00:00 AM,103,14,89
03/02/2015 09:00:00 AM,40,2,38
03/02/2015 10:00:00 AM,19,4,15
03/02/2015 11:00:00 AM,7,3,4
03/02/2015 12:00:00 PM,8,2,6
03/02/2015 01:00:00 PM,18,9,9
03/02/2015 02:00:00 PM,16,7,9
03/02/2015 03:00:00 PM,35,29,6
03/02/2015 04:00:00 PM,90,71,19
03/02/2015 05:00:00 PM,124,109,15
03/02/2015 06:00:00 PM,93,83,10
03/02/2015 07:00:00 PM,24,20,4
03/02/2015 08:00:00 PM,11,9,2
03/02/2015 09:00:00 PM,10,8,2
03/02/2015 10:00:00 PM,5,5,0
03/02/2015 11:00:00 PM,4,3,1
03/03/2015 12:00:00 AM,2,1,1
03/03/2015 01:00:00 AM,2,2,0
03/03/2015 02:00:00 AM,3,2,1
03/03/2015 03:00:00 AM,1,1,0
03/03/2015 04:00:00 AM,5,0,5
03/03/2015 05:00:00 AM,24,5,19
03/03/2015 06:00:00 AM,58,3,55
03/03/2015 07:00:00 AM,128,15,113
03/03/2015 08:00:00 AM,128,13,115
03/03/2015 09:00:00 AM,28,3,25
03/03/2015 10:00:00 AM,15,4,11
03/03/2015 11:00:00 AM,33,24,9
03/03/2015 12:00:00 PM,40,16,24
03/03/2015 01:00:00 PM,23,12,11
03/03/2015 02:00:00 PM,25,17,8
03/03/2015 03:00:00 PM,46,33,13
03/03/2015 04:00:00 PM,86,69,17
03/03/2015 05:00:00 PM,145,125,20
03/03/2015 06:00:00 PM,96,85,11
03/03/2015 07:00:00 PM,33,28,5
03/03/2015 08:00:00 PM,11,9,2
03/03/2015 09:00:00 PM,10,9,1
03/03/2015 10:00:00 PM,5,4,1
03/03/2015 11:00:00 PM,1,1,0
03/04/2015 12:00:00 AM,1,1,0
03/04/2015 01:00:00 AM,3,2,1
03/04/2015 02:00:00 AM,0,0,0
03/04/2015 03:00:00 AM,0,0,0
03/04/2015 04:00:00 AM,4,1,3
03/04/2015 05:00:00 AM,17,2,15
03/04/2015 06:00:00 AM,61,12,49
03/04/2015 07:00:00 AM,96,14,82
03/04/2015 08:00:00 AM,118,14,104
03/04/2015 09:00:00 AM,47,10,37
03/04/2015 10:00:00 AM,26,11,15
03/04/2015 11:00:00 AM,23,13,10
03/04/2015 12:00:00 PM,36,13,23
03/04/2015 01:00:00 PM,31,16,15
03/04/2015 02:00:00 PM,36,21,15
03/04/2015 03:00:00 PM,48,31,17
03/04/2015 04:00:00 PM,80,63,17
03/04/2015 05:00:00 PM,133,110,23
03/04/2015 06:00:00 PM,76,64,12
03/04/2015 07:00:00 PM,26,22,4
03/04/2015 08:00:00 PM,9,7,2
03/04/2015 09:00:00 PM,13,10,3
03/04/2015 10:00:00 PM,5,5,0
03/04/2015 11:00:00 PM,0,0,0
03/05/2015 12:00:00 AM,2,1,1
03/05/2015 01:00:00 AM,1,0,1
03/05/2015 02:00:00 AM,1,1,0
03/05/2015 03:00:00 AM,1,0,1
03/05/2015 04:00:00 AM,4,1,3
03/05/2015 05:00:00 AM,19,3,16
03/05/2015 06:00:00 AM,61,6,55
03/05/2015 07:00:00 AM,94,18,76
03/05/2015 08:00:00 AM,118,11,107
03/05/2015 09:00:00 AM,55,10,45
03/05/2015 10:00:00 AM,32,13,19
03/05/2015 11:00:00 AM,22,9,13
03/05/2015 12:00:00 PM,35,13,22
03/05/2015 01:00:00 PM,30,14,16
03/05/2015 02:00:00 PM,41,30,11
03/05/2015 03:00:00 PM,54,40,14
03/05/2015 04:00:00 PM,74,59,15
03/05/2015 05:00:00 PM,139,116,23
03/05/2015 06:00:00 PM,67,60,7
03/05/2015 07:00:00 PM,30,28,2
03/05/2015 08:00:00 PM,13,9,4
03/05/2015 09:00:00 PM,5,2,3
03/05/2015 10:00:00 PM,5,4,1
03/05/2015 11:00:00 PM,3,2,1
03/06/2015 12:00:00 AM,2,1,1
03/06/2015 01:00:00 AM,4,2,2
03/06/2015 02:00:00 AM,4,2,2
03/06/2015 03:00:00 AM,2,1,1
03/06/2015 04:00:00 AM,8,2,6
03/06/2015 05:00:00 AM,16,1,15
03/06/2015 06:00:00 AM,57,10,47
03/06/2015 07:00:00 AM,97,13,84
03/06/2015 08:00:00 AM,84,12,72
03/06/2015 09:00:00 AM,41,4,37
03/06/2015 10:00:00 AM,12,4,8
03/06/2015 11:00:00 AM,15,4,11
03/06/2015 12:00:00 PM,36,18,18
03/06/2015 01:00:00 PM,40,17,23
03/06/2015 02:00:00 PM,44,26,18
03/06/2015 03:00:00 PM,44,33,11
03/06/2015 04:00:00 PM,84,62,22
03/06/2015 05:00:00 PM,121,102,19
03/06/2015 06:00:00 PM,55,46,9
03/06/2015 07:00:00 PM,18,12,6
03/06/2015 08:00:00 PM,17,9,8
03/06/2015 09:00:00 PM,4,1,3
03/06/2015 10:00:00 PM,3,3,0
03/06/2015 11:00:00 PM,0,0,0
03/07/2015 12:00:00 AM,3,2,1
03/07/2015 01:00:00 AM,3,2,1
03/07/2015 02:00:00 AM,0,0,0
03/07/2015 03:00:00 AM,1,0,1
03/07/2015 04:00:00 AM,2,1,1
03/07/2015 05:00:00 AM,6,0,6
03/07/2015 06:00:00 AM,5,1,4
03/07/2015 07:00:00 AM,11,2,9
03/07/2015 08:00:00 AM,32,8,24
03/07/2015 09:00:00 AM,39,21,18
03/07/2015 10:00:00 AM,37,14,23
03/07/2015 11:00:00 AM,55,25,30
03/07/2015 12:00:00 PM,71,39,32
03/07/2015 01:00:00 PM,66,32,34
03/07/2015 02:00:00 PM,91,55,36
03/07/2015 03:00:00 PM,95,49,46
03/07/2015 04:00:00 PM,47,19,28
03/07/2015 05:00:00 PM,46,22,24
03/07/2015 06:00:00 PM,32,16,16
03/07/2015 07:00:00 PM,5,2,3
03/07/2015 08:00:00 PM,6,3,3
03/07/2015 09:00:00 PM,3,3,0
03/07/2015 10:00:00 PM,6,1,5
03/07/2015 11:00:00 PM,2,2,0
03/08/2015 12:00:00 AM,2,1,1
03/08/2015 01:00:00 AM,4,2,2
03/08/2015 03:00:00 AM,,,
03/08/2015 03:00:00 AM,1,0,1
03/08/2015 04:00:00 AM,6,5,1
03/08/2015 05:00:00 AM,3,0,3
03/08/2015 06:00:00 AM,0,0,0
03/08/2015 07:00:00 AM,12,5,7
03/08/2015 08:00:00 AM,10,4,6
03/08/2015 09:00:00 AM,29,8,21
03/08/2015 10:00:00 AM,45,17,28
03/08/2015 11:00:00 AM,82,46,36
03/08/2015 12:00:00 PM,86,39,47
03/08/2015 01:00:00 PM,81,44,37
03/08/2015 02:00:00 PM,103,56,47
03/08/2015 03:00:00 PM,86,51,35
03/08/2015 04:00:00 PM,77,31,46
03/08/2015 05:00:00 PM,39,16,23
03/08/2015 06:00:00 PM,38,17,21
03/08/2015 07:00:00 PM,10,4,6
03/08/2015 08:00:00 PM,11,9,2
03/08/2015 09:00:00 PM,3,2,1
03/08/2015 10:00:00 PM,5,5,0
03/08/2015 11:00:00 PM,1,1,0
03/09/2015 12:00:00 AM,0,0,0
03/09/2015 01:00:00 AM,1,0,1
03/09/2015 02:00:00 AM,2,1,1
03/09/2015 03:00:00 AM,1,0,1
03/09/2015 04:00:00 AM,5,1,4
03/09/2015 05:00:00 AM,11,1,10
03/09/2015 06:00:00 AM,57,7,50
03/09/2015 07:00:00 AM,98,12,86
03/09/2015 08:00:00 AM,116,14,102
03/09/2015 09:00:00 AM,57,7,50
03/09/2015 10:00:00 AM,20,3,17
03/09/2015 11:00:00 AM,14,7,7
03/09/2015 12:00:00 PM,33,10,23
03/09/2015 01:00:00 PM,27,14,13
03/09/2015 02:00:00 PM,34,22,12
03/09/2015 03:00:00 PM,38,30,8
03/09/2015 04:00:00 PM,80,68,12
03/09/2015 05:00:00 PM,142,120,22
03/09/2015 06:00:00 PM,99,86,13
03/09/2015 07:00:00 PM,30,25,5
03/09/2015 08:00:00 PM,16,11,5
03/09/2015 09:00:00 PM,9,5,4
03/09/2015 10:00:00 PM,2,1,1
03/09/2015 11:00:00 PM,10,7,3
03/10/2015 12:00:00 AM,1,1,0
03/10/2015 01:00:00 AM,2,2,0
03/10/2015 02:00:00 AM,2,2,0
03/10/2015 03:00:00 AM,3,1,2
03/10/2015 04:00:00 AM,3,1,2
03/10/2015 05:00:00 AM,24,3,21
03/10/2015 06:00:00 AM,49,7,42
03/10/2015 07:00:00 AM,123,11,112
03/10/2015 08:00:00 AM,122,18,104
03/10/2015 09:00:00 AM,52,7,45
03/10/2015 10:00:00 AM,15,2,13
03/10/2015 11:00:00 AM,13,6,7
03/10/2015 12:00:00 PM,21,9,12
03/10/2015 01:00:00 PM,35,18,17
03/10/2015 02:00:00 PM,27,14,13
03/10/2015 03:00:00 PM,35,31,4
03/10/2015 04:00:00 PM,97,83,14
03/10/2015 05:00:00 PM,142,120,22
03/10/2015 06:00:00 PM,110,95,15
03/10/2015 07:00:00 PM,37,29,8
03/10/2015 08:00:00 PM,14,12,2
03/10/2015 09:00:00 PM,10,6,4
03/10/2015 10:00:00 PM,9,5,4
03/10/2015 11:00:00 PM,6,6,0
03/11/2015 12:00:00 AM,1,1,0
03/11/2015 01:00:00 AM,1,0,1
03/11/2015 02:00:00 AM,2,0,2
03/11/2015 03:00:00 AM,1,1,0
03/11/2015 04:00:00 AM,3,0,3
03/11/2015 05:00:00 AM,14,2,12
03/11/2015 06:00:00 AM,36,6,30
03/11/2015 07:00:00 AM,98,17,81
03/11/2015 08:00:00 AM,87,9,78
03/11/2015 09:00:00 AM,27,3,24
03/11/2015 10:00:00 AM,13,3,10
03/11/2015 11:00:00 AM,21,11,10
03/11/2015 12:00:00 PM,13,5,8
03/11/2015 01:00:00 PM,13,3,10
03/11/2015 02:00:00 PM,15,10,5
03/11/2015 03:00:00 PM,19,14,5
03/11/2015 04:00:00 PM,42,36,6
03/11/2015 05:00:00 PM,104,85,19
03/11/2015 06:00:00 PM,60,49,11
03/11/2015 07:00:00 PM,22,19,3
03/11/2015 08:00:00 PM,18,14,4
03/11/2015 09:00:00 PM,3,3,0
03/11/2015 10:00:00 PM,11,7,4
03/11/2015 11:00:00 PM,2,2,0
03/12/2015 12:00:00 AM,1,1,0
03/12/2015 01:00:00 AM,3,2,1
03/12/2015 02:00:00 AM,1,0,1
03/12/2015 03:00:00 AM,0,0,0
03/12/2015 04:00:00 AM,1,0,1
03/12/2015 05:00:00 AM,17,3,14
03/12/2015 06:00:00 AM,61,11,50
03/12/2015 07:00:00 AM,106,13,93
03/12/2015 08:00:00 AM,100,7,93
03/12/2015 09:00:00 AM,45,5,40
03/12/2015 10:00:00 AM,26,6,20
03/12/2015 11:00:00 AM,15,7,8
03/12/2015 12:00:00 PM,16,4,12
03/12/2015 01:00:00 PM,31,12,19
03/12/2015 02:00:00 PM,25,14,11
03/12/2015 03:00:00 PM,59,36,23
03/12/2015 04:00:00 PM,85,55,30
03/12/2015 05:00:00 PM,123,101,22
03/12/2015 06:00:00 PM,92,73,19
03/12/2015 07:00:00 PM,51,42,9
03/12/2015 08:00:00 PM,20,11,9
03/12/2015 09:00:00 PM,22,12,10
03/12/2015 10:00:00 PM,8,5,3
03/12/2015 11:00:00 PM,7,6,1
03/13/2015 12:00:00 AM,4,2,2
03/13/2015 01:00:00 AM,3,3,0
03/13/2015 02:00:00 AM,4,2,2
03/13/2015 03:00:00 AM,2,0,2
03/13/2015 04:00:00 AM,2,0,2
03/13/2015 05:00:00 AM,13,1,12
03/13/2015 06:00:00 AM,63,13,50
03/13/2015 07:00:00 AM,114,20,94
03/13/2015 08:00:00 AM,115,24,91
03/13/2015 09:00:00 AM,53,14,39
03/13/2015 10:00:00 AM,25,8,17
03/13/2015 11:00:00 AM,21,14,7
03/13/2015 12:00:00 PM,23,13,10
03/13/2015 01:00:00 PM,47,17,30
03/13/2015 02:00:00 PM,45,27,18
03/13/2015 03:00:00 PM,49,33,16
03/13/2015 04:00:00 PM,96,75,21
03/13/2015 05:00:00 PM,120,106,14
03/13/2015 06:00:00 PM,71,60,11
03/13/2015 07:00:00 PM,27,27,0
03/13/2015 08:00:00 PM,18,7,11
03/13/2015 09:00:00 PM,8,7,1
03/13/2015 10:00:00 PM,8,3,5
03/13/2015 11:00:00 PM,5,3,2
03/14/2015 12:00:00 AM,4,4,0
03/14/2015 01:00:00 AM,2,0,2
03/14/2015 02:00:00 AM,0,0,0
03/14/2015 03:00:00 AM,1,0,1
03/14/2015 04:00:00 AM,0,0,0
03/14/2015 05:00:00 AM,3,0,3
03/14/2015 06:00:00 AM,7,2,5
03/14/2015 07:00:00 AM,2,2,0
03/14/2015 08:00:00 AM,5,2,3
03/14/2015 09:00:00 AM,5,3,2
03/14/2015 10:00:00 AM,11,7,4
03/14/2015 11:00:00 AM,8,5,3
03/14/2015 12:00:00 PM,8,6,2
03/14/2015 01:00:00 PM,5,3,2
03/14/2015 02:00:00 PM,17,3,14
03/14/2015 03:00:00 PM,15,6,9
03/14/2015 04:00:00 PM,10,4,6
03/14/2015 05:00:00 PM,15,7,8
03/14/2015 06:00:00 PM,13,7,6
03/14/2015 07:00:00 PM,9,5,4
03/14/2015 08:00:00 PM,1,0,1
03/14/2015 09:00:00 PM,3,3,0
03/14/2015 10:00:00 PM,7,7,0
03/14/2015 11:00:00 PM,4,4,0
03/15/2015 12:00:00 AM,7,5,2
03/15/2015 01:00:00 AM,4,0,4
03/15/2015 02:00:00 AM,0,0,0
03/15/2015 03:00:00 AM,5,0,5
03/15/2015 04:00:00 AM,1,1,0
03/15/2015 05:00:00 AM,3,0,3
03/15/2015 06:00:00 AM,1,0,1
03/15/2015 07:00:00 AM,3,2,1
03/15/2015 08:00:00 AM,5,0,5
03/15/2015 09:00:00 AM,7,5,2
03/15/2015 10:00:00 AM,1,1,0
03/15/2015 11:00:00 AM,4,2,2
03/15/2015 12:00:00 PM,5,1,4
03/15/2015 01:00:00 PM,0,0,0
03/15/2015 02:00:00 PM,2,2,0
03/15/2015 03:00:00 PM,4,3,1
03/15/2015 04:00:00 PM,3,1,2
03/15/2015 05:00:00 PM,3,0,3
03/15/2015 06:00:00 PM,3,2,1
03/15/2015 07:00:00 PM,1,1,0
03/15/2015 08:00:00 PM,0,0,0
03/15/2015 09:00:00 PM,1,0,1
03/15/2015 10:00:00 PM,1,1,0
03/15/2015 11:00:00 PM,0,0,0
03/16/2015 12:00:00 AM,0,0,0
03/16/2015 01:00:00 AM,1,1,0
03/16/2015 02:00:00 AM,0,0,0
03/16/2015 03:00:00 AM,3,1,2
03/16/2015 04:00:00 AM,2,1,1
03/16/2015 05:00:00 AM,7,1,6
03/16/2015 06:00:00 AM,46,6,40
03/16/2015 07:00:00 AM,92,11,81
03/16/2015 08:00:00 AM,98,8,90
03/16/2015 09:00:00 AM,41,3,38
03/16/2015 10:00:00 AM,15,2,13
03/16/2015 11:00:00 AM,12,5,7
03/16/2015 12:00:00 PM,29,14,15
03/16/2015 01:00:00 PM,27,10,17
03/16/2015 02:00:00 PM,27,14,13
03/16/2015 03:00:00 PM,46,37,9
03/16/2015 04:00:00 PM,78,58,20
03/16/2015 05:00:00 PM,123,102,21
03/16/2015 06:00:00 PM,87,73,14
03/16/2015 07:00:00 PM,33,23,10
03/16/2015 08:00:00 PM,15,10,5
03/16/2015 09:00:00 PM,10,7,3
03/16/2015 10:00:00 PM,1,0,1
03/16/2015 11:00:00 PM,5,4,1
03/17/2015 12:00:00 AM,4,3,1
03/17/2015 01:00:00 AM,1,0,1
03/17/2015 02:00:00 AM,1,1,0
03/17/2015 03:00:00 AM,1,1,0
03/17/2015 04:00:00 AM,1,0,1
03/17/2015 05:00:00 AM,13,2,11
03/17/2015 06:00:00 AM,51,9,42
03/17/2015 07:00:00 AM,111,14,97
03/17/2015 08:00:00 AM,117,9,108
03/17/2015 09:00:00 AM,49,5,44
03/17/2015 10:00:00 AM,23,6,17
03/17/2015 11:00:00 AM,23,13,10
03/17/2015 12:00:00 PM,18,6,12
03/17/2015 01:00:00 PM,22,8,14
03/17/2015 02:00:00 PM,27,21,6
03/17/2015 03:00:00 PM,40,29,11
03/17/2015 04:00:00 PM,62,48,14
03/17/2015 05:00:00 PM,104,89,15
03/17/2015 06:00:00 PM,87,80,7
03/17/2015 07:00:00 PM,22,20,2
03/17/2015 08:00:00 PM,8,7,1
03/17/2015 09:00:00 PM,4,3,1
03/17/2015 10:00:00 PM,8,7,1
03/17/2015 11:00:00 PM,3,2,1
03/18/2015 12:00:00 AM,5,5,0
03/18/2015 01:00:00 AM,0,0,0
03/18/2015 02:00:00 AM,1,0,1
03/18/2015 03:00:00 AM,1,0,1
03/18/2015 04:00:00 AM,4,2,2
03/18/2015 05:00:00 AM,12,3,9
03/18/2015 06:00:00 AM,67,5,62
03/18/2015 07:00:00 AM,99,9,90
03/18/2015 08:00:00 AM,123,11,112
03/18/2015 09:00:00 AM,39,2,37
03/18/2015 10:00:00 AM,19,5,14
03/18/2015 11:00:00 AM,15,9,6
03/18/2015 12:00:00 PM,26,13,13
03/18/2015 01:00:00 PM,24,8,16
03/18/2015 02:00:00 PM,33,24,9
03/18/2015 03:00:00 PM,37,27,10
03/18/2015 04:00:00 PM,80,68,12
03/18/2015 05:00:00 PM,130,113,17
03/18/2015 06:00:00 PM,100,80,20
03/18/2015 07:00:00 PM,39,33,6
03/18/2015 08:00:00 PM,27,19,8
03/18/2015 09:00:00 PM,8,5,3
03/18/2015 10:00:00 PM,6,6,0
03/18/2015 11:00:00 PM,5,5,0
03/19/2015 12:00:00 AM,2,0,2
03/19/2015 01:00:00 AM,0,0,0
03/19/2015 02:00:00 AM,3,1,2
03/19/2015 03:00:00 AM,0,0,0
03/19/2015 04:00:00 AM,6,3,3
03/19/2015 05:00:00 AM,18,3,15
03/19/2015 06:00:00 AM,66,11,55
03/19/2015 07:00:00 AM,108,16,92
03/19/2015 08:00:00 AM,117,6,111
03/19/2015 09:00:00 AM,54,6,48
03/19/2015 10:00:00 AM,28,12,16
03/19/2015 11:00:00 AM,22,9,13
03/19/2015 12:00:00 PM,19,10,9
03/19/2015 01:00:00 PM,26,12,14
03/19/2015 02:00:00 PM,27,13,14
03/19/2015 03:00:00 PM,39,25,14
03/19/2015 04:00:00 PM,77,61,16
03/19/2015 05:00:00 PM,112,94,18
03/19/2015 06:00:00 PM,78,67,11
03/19/2015 07:00:00 PM,39,35,4
03/19/2015 08:00:00 PM,24,19,5
03/19/2015 09:00:00 PM,6,4,2
03/19/2015 10:00:00 PM,6,5,1
03/19/2015 11:00:00 PM,7,5,2
03/20/2015 12:00:00 AM,4,3,1
03/20/2015 01:00:00 AM,0,0,0
03/20/2015 02:00:00 AM,1,1,0
03/20/2015 03:00:00 AM,0,0,0
03/20/2015 04:00:00 AM,2,1,1
03/20/2015 05:00:00 AM,12,3,9
03/20/2015 06:00:00 AM,34,8,26
03/20/2015 07:00:00 AM,72,9,63
03/20/2015 08:00:00 AM,78,6,72
03/20/2015 09:00:00 AM,34,9,25
03/20/2015 10:00:00 AM,12,4,8
03/20/2015 11:00:00 AM,22,11,11
03/20/2015 12:00:00 PM,19,8,11
03/20/2015 01:00:00 PM,20,11,9
03/20/2015 02:00:00 PM,20,11,9
03/20/2015 03:00:00 PM,31,24,7
03/20/2015 04:00:00 PM,53,42,11
03/20/2015 05:00:00 PM,61,54,7
03/20/2015 06:00:00 PM,56,54,2
03/20/2015 07:00:00 PM,16,13,3
03/20/2015 08:00:00 PM,6,2,4
03/20/2015 09:00:00 PM,7,5,2
03/20/2015 10:00:00 PM,6,5,1
03/20/2015 11:00:00 PM,3,3,0
03/21/2015 12:00:00 AM,2,2,0
03/21/2015 01:00:00 AM,2,1,1
03/21/2015 02:00:00 AM,1,1,0
03/21/2015 03:00:00 AM,1,0,1
03/21/2015 04:00:00 AM,3,3,0
03/21/2015 05:00:00 AM,1,0,1
03/21/2015 06:00:00 AM,3,0,3
03/21/2015 07:00:00 AM,16,10,6
03/21/2015 08:00:00 AM,18,5,13
03/21/2015 09:00:00 AM,11,5,6
03/21/2015 10:00:00 AM,13,6,7
03/21/2015 11:00:00 AM,11,6,5
03/21/2015 12:00:00 PM,18,10,8
03/21/2015 01:00:00 PM,30,16,14
03/21/2015 02:00:00 PM,27,14,13
03/21/2015 03:00:00 PM,25,14,11
03/21/2015 04:00:00 PM,37,18,19
03/21/2015 05:00:00 PM,29,12,17
03/21/2015 06:00:00 PM,27,14,13
03/21/2015 07:00:00 PM,14,8,6
03/21/2015 08:00:00 PM,4,1,3
03/21/2015 09:00:00 PM,1,0,1
03/21/2015 10:00:00 PM,3,3,0
03/21/2015 11:00:00 PM,4,3,1
03/22/2015 12:00:00 AM,2,2,0
03/22/2015 01:00:00 AM,2,1,1
03/22/2015 02:00:00 AM,0,0,0
03/22/2015 03:00:00 AM,5,1,4
03/22/2015 04:00:00 AM,1,1,0
03/22/2015 05:00:00 AM,5,1,4
03/22/2015 06:00:00 AM,3,1,2
03/22/2015 07:00:00 AM,5,0,5
03/22/2015 08:00:00 AM,16,2,14
03/22/2015 09:00:00 AM,26,11,15
03/22/2015 10:00:00 AM,67,43,24
03/22/2015 11:00:00 AM,59,22,37
03/22/2015 12:00:00 PM,45,19,26
03/22/2015 01:00:00 PM,22,9,13
03/22/2015 02:00:00 PM,31,14,17
03/22/2015 03:00:00 PM,14,12,2
03/22/2015 04:00:00 PM,16,7,9
03/22/2015 05:00:00 PM,13,7,6
03/22/2015 06:00:00 PM,3,2,1
03/22/2015 07:00:00 PM,2,1,1
03/22/2015 08:00:00 PM,6,4,2
03/22/2015 09:00:00 PM,4,2,2
03/22/2015 10:00:00 PM,2,1,1
03/22/2015 11:00:00 PM,5,3,2
03/23/2015 12:00:00 AM,1,1,0
03/23/2015 01:00:00 AM,1,0,1
03/23/2015 02:00:00 AM,1,1,0
03/23/2015 03:00:00 AM,2,0,2
03/23/2015 04:00:00 AM,4,1,3
03/23/2015 05:00:00 AM,16,3,13
03/23/2015 06:00:00 AM,51,13,38
03/23/2015 07:00:00 AM,87,9,78
03/23/2015 08:00:00 AM,81,6,75
03/23/2015 09:00:00 AM,34,4,30
03/23/2015 10:00:00 AM,13,3,10
03/23/2015 11:00:00 AM,11,4,7
03/23/2015 12:00:00 PM,7,3,4
03/23/2015 01:00:00 PM,7,2,5
03/23/2015 02:00:00 PM,9,7,2
03/23/2015 03:00:00 PM,23,19,4
03/23/2015 04:00:00 PM,60,48,12
03/23/2015 05:00:00 PM,86,76,10
03/23/2015 06:00:00 PM,60,56,4
03/23/2015 07:00:00 PM,18,16,2
03/23/2015 08:00:00 PM,9,7,2
03/23/2015 09:00:00 PM,7,4,3
03/23/2015 10:00:00 PM,4,3,1
03/23/2015 11:00:00 PM,1,0,1
03/24/2015 12:00:00 AM,1,0,1
03/24/2015 01:00:00 AM,1,0,1
03/24/2015 02:00:00 AM,0,0,0
03/24/2015 03:00:00 AM,1,0,1
03/24/2015 04:00:00 AM,2,1,1
03/24/2015 05:00:00 AM,16,2,14
03/24/2015 06:00:00 AM,62,8,54
03/24/2015 07:00:00 AM,85,12,73
03/24/2015 08:00:00 AM,96,7,89
03/24/2015 09:00:00 AM,23,0,23
03/24/2015 10:00:00 AM,17,5,12
03/24/2015 11:00:00 AM,12,6,6
03/24/2015 12:00:00 PM,23,8,15
03/24/2015 01:00:00 PM,19,9,10
03/24/2015 02:00:00 PM,31,23,8
03/24/2015 03:00:00 PM,31,21,10
03/24/2015 04:00:00 PM,65,54,11
03/24/2015 05:00:00 PM,102,92,10
03/24/2015 06:00:00 PM,75,66,9
03/24/2015 07:00:00 PM,31,22,9
03/24/2015 08:00:00 PM,18,15,3
03/24/2015 09:00:00 PM,17,15,2
03/24/2015 10:00:00 PM,6,6,0
03/24/2015 11:00:00 PM,6,5,1
03/25/2015 12:00:00 AM,1,1,0
03/25/2015 01:00:00 AM,0,0,0
03/25/2015 02:00:00 AM,0,0,0
03/25/2015 03:00:00 AM,0,0,0
03/25/2015 04:00:00 AM,2,1,1
03/25/2015 05:00:00 AM,11,1,10
03/25/2015 06:00:00 AM,42,9,33
03/25/2015 07:00:00 AM,65,8,57
03/25/2015 08:00:00 AM,85,10,75
03/25/2015 09:00:00 AM,28,3,25
03/25/2015 10:00:00 AM,10,4,6
03/25/2015 11:00:00 AM,5,1,4
03/25/2015 12:00:00 PM,10,4,6
03/25/2015 01:00:00 PM,5,2,3
03/25/2015 02:00:00 PM,7,4,3
03/25/2015 03:00:00 PM,30,19,11
03/25/2015 04:00:00 PM,53,42,11
03/25/2015 05:00:00 PM,61,54,7
03/25/2015 06:00:00 PM,64,56,8
03/25/2015 07:00:00 PM,28,23,5
03/25/2015 08:00:00 PM,7,7,0
03/25/2015 09:00:00 PM,8,7,1
03/25/2015 10:00:00 PM,5,4,1
03/25/2015 11:00:00 PM,0,0,0
03/26/2015 12:00:00 AM,2,0,2
03/26/2015 01:00:00 AM,0,0,0
03/26/2015 02:00:00 AM,3,2,1
03/26/2015 03:00:00 AM,1,1,0
03/26/2015 04:00:00 AM,7,2,5
03/26/2015 05:00:00 AM,19,4,15
03/26/2015 06:00:00 AM,67,11,56
03/26/2015 07:00:00 AM,112,19,93
03/26/2015 08:00:00 AM,130,11,119
03/26/2015 09:00:00 AM,42,4,38
03/26/2015 10:00:00 AM,38,13,25
03/26/2015 11:00:00 AM,28,8,20
03/26/2015 12:00:00 PM,23,11,12
03/26/2015 01:00:00 PM,42,18,24
03/26/2015 02:00:00 PM,55,36,19
03/26/2015 03:00:00 PM,73,49,24
03/26/2015 04:00:00 PM,108,83,25
03/26/2015 05:00:00 PM,152,115,37
03/26/2015 06:00:00 PM,113,92,21
03/26/2015 07:00:00 PM,158,133,25
03/26/2015 08:00:00 PM,35,23,12
03/26/2015 09:00:00 PM,10,3,7
03/26/2015 10:00:00 PM,11,5,6
03/26/2015 11:00:00 PM,48,4,44
03/27/2015 12:00:00 AM,24,3,21
03/27/2015 01:00:00 AM,15,1,14
03/27/2015 02:00:00 AM,1,0,1
03/27/2015 03:00:00 AM,1,0,1
03/27/2015 04:00:00 AM,3,1,2
03/27/2015 05:00:00 AM,19,3,16
03/27/2015 06:00:00 AM,54,13,41
03/27/2015 07:00:00 AM,125,20,105
03/27/2015 08:00:00 AM,119,20,99
03/27/2015 09:00:00 AM,42,10,32
03/27/2015 10:00:00 AM,29,9,20
03/27/2015 11:00:00 AM,24,8,16
03/27/2015 12:00:00 PM,35,13,22
03/27/2015 01:00:00 PM,45,33,12
03/27/2015 02:00:00 PM,45,25,20
03/27/2015 03:00:00 PM,81,57,24
03/27/2015 04:00:00 PM,118,89,29
03/27/2015 05:00:00 PM,131,110,21
03/27/2015 06:00:00 PM,90,75,15
03/27/2015 07:00:00 PM,25,17,8
03/27/2015 08:00:00 PM,19,13,6
03/27/2015 09:00:00 PM,8,5,3
03/27/2015 10:00:00 PM,2,1,1
03/27/2015 11:00:00 PM,8,3,5
03/28/2015 12:00:00 AM,5,2,3
03/28/2015 01:00:00 AM,2,0,2
03/28/2015 02:00:00 AM,0,0,0
03/28/2015 03:00:00 AM,2,0,2
03/28/2015 04:00:00 AM,1,0,1
03/28/2015 05:00:00 AM,6,0,6
03/28/2015 06:00:00 AM,13,3,10
03/28/2015 07:00:00 AM,22,10,12
03/28/2015 08:00:00 AM,23,9,14
03/28/2015 09:00:00 AM,33,17,16
03/28/2015 10:00:00 AM,37,16,21
03/28/2015 11:00:00 AM,47,26,21
03/28/2015 12:00:00 PM,49,25,24
03/28/2015 01:00:00 PM,62,26,36
03/28/2015 02:00:00 PM,65,33,32
03/28/2015 03:00:00 PM,46,28,18
03/28/2015 04:00:00 PM,31,20,11
03/28/2015 05:00:00 PM,41,24,17
03/28/2015 06:00:00 PM,32,17,15
03/28/2015 07:00:00 PM,18,9,9
03/28/2015 08:00:00 PM,5,3,2
03/28/2015 09:00:00 PM,8,5,3
03/28/2015 10:00:00 PM,1,0,1
03/28/2015 11:00:00 PM,2,1,1
03/29/2015 12:00:00 AM,1,1,0
03/29/2015 01:00:00 AM,1,1,0
03/29/2015 02:00:00 AM,1,1,0
03/29/2015 03:00:00 AM,1,0,1
03/29/2015 04:00:00 AM,2,2,0
03/29/2015 05:00:00 AM,9,1,8
03/29/2015 06:00:00 AM,2,0,2
03/29/2015 07:00:00 AM,14,2,12
03/29/2015 08:00:00 AM,23,5,18
03/29/2015 09:00:00 AM,41,16,25
03/29/2015 10:00:00 AM,45,28,17
03/29/2015 11:00:00 AM,55,29,26
03/29/2015 12:00:00 PM,57,25,32
03/29/2015 01:00:00 PM,43,25,18
03/29/2015 02:00:00 PM,60,35,25
03/29/2015 03:00:00 PM,38,17,21
03/29/2015 04:00:00 PM,38,18,20
03/29/2015 05:00:00 PM,19,12,7
03/29/2015 06:00:00 PM,18,9,9
03/29/2015 07:00:00 PM,9,6,3
03/29/2015 08:00:00 PM,6,2,4
03/29/2015 09:00:00 PM,3,2,1
03/29/2015 10:00:00 PM,4,1,3
03/29/2015 11:00:00 PM,3,2,1
03/30/2015 12:00:00 AM,1,1,0
03/30/2015 01:00:00 AM,0,0,0
03/30/2015 02:00:00 AM,2,1,1
03/30/2015 03:00:00 AM,3,1,2
03/30/2015 04:00:00 AM,3,1,2
03/30/2015 05:00:00 AM,22,4,18
03/30/2015 06:00:00 AM,65,11,54
03/30/2015 07:00:00 AM,130,17,113
03/30/2015 08:00:00 AM,130,11,119
03/30/2015 09:00:00 AM,50,6,44
03/30/2015 10:00:00 AM,20,6,14
03/30/2015 11:00:00 AM,18,5,13
03/30/2015 12:00:00 PM,26,13,13
03/30/2015 01:00:00 PM,22,8,14
03/30/2015 02:00:00 PM,32,19,13
03/30/2015 03:00:00 PM,63,46,17
03/30/2015 04:00:00 PM,93,70,23
03/30/2015 05:00:00 PM,174,154,20
03/30/2015 06:00:00 PM,116,95,21
03/30/2015 07:00:00 PM,26,19,7
03/30/2015 08:00:00 PM,13,12,1
03/30/2015 09:00:00 PM,8,5,3
03/30/2015 10:00:00 PM,2,2,0
03/30/2015 11:00:00 PM,5,2,3
03/31/2015 12:00:00 AM,4,2,2
03/31/2015 01:00:00 AM,0,0,0
03/31/2015 02:00:00 AM,0,0,0
03/31/2015 03:00:00 AM,0,0,0
03/31/2015 04:00:00 AM,1,1,0
03/31/2015 05:00:00 AM,19,2,17
03/31/2015 06:00:00 AM,55,10,45
03/31/2015 07:00:00 AM,105,18,87
03/31/2015 08:00:00 AM,91,15,76
03/31/2015 09:00:00 AM,31,4,27
03/31/2015 10:00:00 AM,15,1,14
03/31/2015 11:00:00 AM,8,4,4
03/31/2015 12:00:00 PM,17,6,11
03/31/2015 01:00:00 PM,11,8,3
03/31/2015 02:00:00 PM,24,16,8
03/31/2015 03:00:00 PM,31,21,10
03/31/2015 04:00:00 PM,59,52,7
03/31/2015 05:00:00 PM,94,81,13
03/31/2015 06:00:00 PM,53,48,5
03/31/2015 07:00:00 PM,22,19,3
03/31/2015 08:00:00 PM,12,10,2
03/31/2015 09:00:00 PM,9,7,2
03/31/2015 10:00:00 PM,2,2,0
03/31/2015 11:00:00 PM,1,1,0
04/01/2015 12:00:00 AM,2,0,2
04/01/2015 01:00:00 AM,1,1,0
04/01/2015 02:00:00 AM,0,0,0
04/01/2015 03:00:00 AM,3,1,2
04/01/2015 04:00:00 AM,3,1,2
04/01/2015 05:00:00 AM,20,1,19
04/01/2015 06:00:00 AM,46,5,41
04/01/2015 07:00:00 AM,85,7,78
04/01/2015 08:00:00 AM,105,11,94
04/01/2015 09:00:00 AM,45,9,36
04/01/2015 10:00:00 AM,17,6,11
04/01/2015 11:00:00 AM,14,4,10
04/01/2015 12:00:00 PM,18,9,9
04/01/2015 01:00:00 PM,20,10,10
04/01/2015 02:00:00 PM,22,14,8
04/01/2015 03:00:00 PM,28,22,6
04/01/2015 04:00:00 PM,48,36,12
04/01/2015 05:00:00 PM,100,84,16
04/01/2015 06:00:00 PM,69,67,2
04/01/2015 07:00:00 PM,30,27,3
04/01/2015 08:00:00 PM,13,9,4
04/01/2015 09:00:00 PM,9,6,3
04/01/2015 10:00:00 PM,4,3,1
04/01/2015 11:00:00 PM,2,1,1
04/02/2015 12:00:00 AM,1,0,1
04/02/2015 01:00:00 AM,1,0,1
04/02/2015 02:00:00 AM,0,0,0
04/02/2015 03:00:00 AM,0,0,0
04/02/2015 04:00:00 AM,2,0,2
04/02/2015 05:00:00 AM,25,4,21
04/02/2015 06:00:00 AM,53,6,47
04/02/2015 07:00:00 AM,113,12,101
04/02/2015 08:00:00 AM,110,14,96
04/02/2015 09:00:00 AM,50,4,46
04/02/2015 10:00:00 AM,20,5,15
04/02/2015 11:00:00 AM,16,4,12
04/02/2015 12:00:00 PM,16,9,7
04/02/2015 01:00:00 PM,24,10,14
04/02/2015 02:00:00 PM,27,15,12
04/02/2015 03:00:00 PM,42,26,16
04/02/2015 04:00:00 PM,78,62,16
04/02/2015 05:00:00 PM,133,110,23
04/02/2015 06:00:00 PM,112,94,18
04/02/2015 07:00:00 PM,38,30,8
04/02/2015 08:00:00 PM,11,10,1
04/02/2015 09:00:00 PM,15,10,5
04/02/2015 10:00:00 PM,4,3,1
04/02/2015 11:00:00 PM,5,4,1
04/03/2015 12:00:00 AM,6,4,2
04/03/2015 01:00:00 AM,0,0,0
04/03/2015 02:00:00 AM,1,1,0
04/03/2015 03:00:00 AM,1,1,0
04/03/2015 04:00:00 AM,1,0,1
04/03/2015 05:00:00 AM,11,1,10
04/03/2015 06:00:00 AM,44,9,35
04/03/2015 07:00:00 AM,86,13,73
04/03/2015 08:00:00 AM,85,10,75
04/03/2015 09:00:00 AM,38,4,34
04/03/2015 10:00:00 AM,17,4,13
04/03/2015 11:00:00 AM,29,18,11
04/03/2015 12:00:00 PM,18,6,12
04/03/2015 01:00:00 PM,12,4,8
04/03/2015 02:00:00 PM,11,8,3
04/03/2015 03:00:00 PM,39,28,11
04/03/2015 04:00:00 PM,63,54,9
04/03/2015 05:00:00 PM,84,73,11
04/03/2015 06:00:00 PM,44,38,6
04/03/2015 07:00:00 PM,29,26,3
04/03/2015 08:00:00 PM,5,5,0
04/03/2015 09:00:00 PM,7,2,5
04/03/2015 10:00:00 PM,7,7,0
04/03/2015 11:00:00 PM,6,2,4
04/04/2015 12:00:00 AM,6,4,2
04/04/2015 01:00:00 AM,1,1,0
04/04/2015 02:00:00 AM,2,2,0
04/04/2015 03:00:00 AM,2,1,1
04/04/2015 04:00:00 AM,1,1,0
04/04/2015 05:00:00 AM,5,0,5
04/04/2015 06:00:00 AM,6,2,4
04/04/2015 07:00:00 AM,18,6,12
04/04/2015 08:00:00 AM,38,8,30
04/04/2015 09:00:00 AM,39,21,18
04/04/2015 10:00:00 AM,51,25,26
04/04/2015 11:00:00 AM,44,25,19
04/04/2015 12:00:00 PM,67,36,31
04/04/2015 01:00:00 PM,76,41,35
04/04/2015 02:00:00 PM,70,38,32
04/04/2015 03:00:00 PM,75,37,38
04/04/2015 04:00:00 PM,103,44,59
04/04/2015 05:00:00 PM,57,22,35
04/04/2015 06:00:00 PM,46,20,26
04/04/2015 07:00:00 PM,13,7,6
04/04/2015 08:00:00 PM,3,2,1
04/04/2015 09:00:00 PM,5,4,1
04/04/2015 10:00:00 PM,11,7,4
04/04/2015 11:00:00 PM,3,2,1
04/05/2015 12:00:00 AM,2,2,0
04/05/2015 01:00:00 AM,1,1,0
04/05/2015 02:00:00 AM,1,0,1
04/05/2015 03:00:00 AM,2,1,1
04/05/2015 04:00:00 AM,4,3,1
04/05/2015 05:00:00 AM,7,2,5
04/05/2015 06:00:00 AM,6,1,5
04/05/2015 07:00:00 AM,8,3,5
04/05/2015 08:00:00 AM,19,10,9
04/05/2015 09:00:00 AM,35,22,13
04/05/2015 10:00:00 AM,35,17,18
04/05/2015 11:00:00 AM,57,29,28
04/05/2015 12:00:00 PM,53,30,23
04/05/2015 01:00:00 PM,58,36,22
04/05/2015 02:00:00 PM,56,22,34
04/05/2015 03:00:00 PM,67,27,40
04/05/2015 04:00:00 PM,53,25,28
04/05/2015 05:00:00 PM,39,19,20
04/05/2015 06:00:00 PM,22,8,14
04/05/2015 07:00:00 PM,18,7,11
04/05/2015 08:00:00 PM,5,2,3
04/05/2015 09:00:00 PM,3,1,2
04/05/2015 10:00:00 PM,1,1,0
04/05/2015 11:00:00 PM,3,1,2
04/06/2015 12:00:00 AM,3,2,1
04/06/2015 01:00:00 AM,0,0,0
04/06/2015 02:00:00 AM,0,0,0
04/06/2015 03:00:00 AM,3,2,1
04/06/2015 04:00:00 AM,4,0,4
04/06/2015 05:00:00 AM,17,1,16
04/06/2015 06:00:00 AM,62,9,53
04/06/2015 07:00:00 AM,104,10,94
04/06/2015 08:00:00 AM,109,8,101
04/06/2015 09:00:00 AM,41,4,37
04/06/2015 10:00:00 AM,21,4,17
04/06/2015 11:00:00 AM,8,3,5
04/06/2015 12:00:00 PM,14,5,9
04/06/2015 01:00:00 PM,19,10,9
04/06/2015 02:00:00 PM,24,13,11
04/06/2015 03:00:00 PM,41,32,9
04/06/2015 04:00:00 PM,85,67,18
04/06/2015 05:00:00 PM,141,125,16
04/06/2015 06:00:00 PM,96,80,16
04/06/2015 07:00:00 PM,29,20,9
04/06/2015 08:00:00 PM,15,10,5
04/06/2015 09:00:00 PM,8,6,2
04/06/2015 10:00:00 PM,6,3,3
04/06/2015 11:00:00 PM,4,1,3
04/07/2015 12:00:00 AM,2,2,0
04/07/2015 01:00:00 AM,0,0,0
04/07/2015 02:00:00 AM,0,0,0
04/07/2015 03:00:00 AM,1,1,0
04/07/2015 04:00:00 AM,0,0,0
04/07/2015 05:00:00 AM,29,3,26
04/07/2015 06:00:00 AM,75,12,63
04/07/2015 07:00:00 AM,133,15,118
04/07/2015 08:00:00 AM,124,7,117
04/07/2015 09:00:00 AM,43,7,36
04/07/2015 10:00:00 AM,23,8,15
04/07/2015 11:00:00 AM,11,6,5
04/07/2015 12:00:00 PM,8,5,3
04/07/2015 01:00:00 PM,11,6,5
04/07/2015 02:00:00 PM,21,14,7
04/07/2015 03:00:00 PM,37,30,7
04/07/2015 04:00:00 PM,93,73,20
04/07/2015 05:00:00 PM,160,132,28
04/07/2015 06:00:00 PM,91,80,11
04/07/2015 07:00:00 PM,29,22,7
04/07/2015 08:00:00 PM,19,17,2
04/07/2015 09:00:00 PM,13,10,3
04/07/2015 10:00:00 PM,7,3,4
04/07/2015 11:00:00 PM,2,1,1
04/08/2015 12:00:00 AM,7,1,6
04/08/2015 01:00:00 AM,0,0,0
04/08/2015 02:00:00 AM,0,0,0
04/08/2015 03:00:00 AM,2,2,0
04/08/2015 04:00:00 AM,1,0,1
04/08/2015 05:00:00 AM,23,2,21
04/08/2015 06:00:00 AM,83,13,70
04/08/2015 07:00:00 AM,118,10,108
04/08/2015 08:00:00 AM,107,7,100
04/08/2015 09:00:00 AM,55,15,40
04/08/2015 10:00:00 AM,22,2,20
04/08/2015 11:00:00 AM,23,4,19
04/08/2015 12:00:00 PM,18,9,9
04/08/2015 01:00:00 PM,35,19,16
04/08/2015 02:00:00 PM,41,26,15
04/08/2015 03:00:00 PM,51,34,17
04/08/2015 04:00:00 PM,116,88,28
04/08/2015 05:00:00 PM,155,128,27
04/08/2015 06:00:00 PM,93,81,12
04/08/2015 07:00:00 PM,62,39,23
04/08/2015 08:00:00 PM,22,16,6
04/08/2015 09:00:00 PM,17,13,4
04/08/2015 10:00:00 PM,7,3,4
04/08/2015 11:00:00 PM,4,3,1
04/09/2015 12:00:00 AM,3,1,2
04/09/2015 01:00:00 AM,1,0,1
04/09/2015 02:00:00 AM,0,0,0
04/09/2015 03:00:00 AM,0,0,0
04/09/2015 04:00:00 AM,4,0,4
04/09/2015 05:00:00 AM,22,5,17
04/09/2015 06:00:00 AM,72,11,61
04/09/2015 07:00:00 AM,129,17,112
04/09/2015 08:00:00 AM,119,8,111
04/09/2015 09:00:00 AM,47,9,38
04/09/2015 10:00:00 AM,25,9,16
04/09/2015 11:00:00 AM,18,10,8
04/09/2015 12:00:00 PM,33,16,17
04/09/2015 01:00:00 PM,38,18,20
04/09/2015 02:00:00 PM,37,26,11
04/09/2015 03:00:00 PM,62,43,19
04/09/2015 04:00:00 PM,90,78,12
04/09/2015 05:00:00 PM,191,148,43
04/09/2015 06:00:00 PM,129,100,29
04/09/2015 07:00:00 PM,68,40,28
04/09/2015 08:00:00 PM,22,16,6
04/09/2015 09:00:00 PM,18,13,5
04/09/2015 10:00:00 PM,16,6,10
04/09/2015 11:00:00 PM,6,4,2
04/10/2015 12:00:00 AM,3,2,1
04/10/2015 01:00:00 AM,0,0,0
04/10/2015 02:00:00 AM,0,0,0
04/10/2015 03:00:00 AM,0,0,0
04/10/2015 04:00:00 AM,1,0,1
04/10/2015 05:00:00 AM,8,1,7
04/10/2015 06:00:00 AM,46,9,37
04/10/2015 07:00:00 AM,103,13,90
04/10/2015 08:00:00 AM,92,11,81
04/10/2015 09:00:00 AM,28,4,24
04/10/2015 10:00:00 AM,21,9,12
04/10/2015 11:00:00 AM,9,2,7
04/10/2015 12:00:00 PM,27,15,12
04/10/2015 01:00:00 PM,21,11,10
04/10/2015 02:00:00 PM,24,11,13
04/10/2015 03:00:00 PM,36,28,8
04/10/2015 04:00:00 PM,61,48,13
04/10/2015 05:00:00 PM,73,63,10
04/10/2015 06:00:00 PM,37,35,2
04/10/2015 07:00:00 PM,8,7,1
04/10/2015 08:00:00 PM,3,3,0
04/10/2015 09:00:00 PM,5,3,2
04/10/2015 10:00:00 PM,3,2,1
04/10/2015 11:00:00 PM,1,1,0
04/11/2015 12:00:00 AM,1,0,1
04/11/2015 01:00:00 AM,0,0,0
04/11/2015 02:00:00 AM,0,0,0
04/11/2015 03:00:00 AM,2,1,1
04/11/2015 04:00:00 AM,2,0,2
04/11/2015 05:00:00 AM,3,2,1
04/11/2015 06:00:00 AM,5,1,4
04/11/2015 07:00:00 AM,16,4,12
04/11/2015 08:00:00 AM,19,8,11
04/11/2015 09:00:00 AM,20,9,11
04/11/2015 10:00:00 AM,24,13,11
04/11/2015 11:00:00 AM,18,8,10
04/11/2015 12:00:00 PM,31,12,19
04/11/2015 01:00:00 PM,26,11,15
04/11/2015 02:00:00 PM,36,21,15
04/11/2015 03:00:00 PM,33,16,17
04/11/2015 04:00:00 PM,33,24,9
04/11/2015 05:00:00 PM,13,5,8
04/11/2015 06:00:00 PM,15,12,3
04/11/2015 07:00:00 PM,13,8,5
04/11/2015 08:00:00 PM,6,4,2
04/11/2015 09:00:00 PM,3,2,1
04/11/2015 10:00:00 PM,5,0,5
04/11/2015 11:00:00 PM,3,2,1
04/12/2015 12:00:00 AM,6,3,3
04/12/2015 01:00:00 AM,2,1,1
04/12/2015 02:00:00 AM,0,0,0
04/12/2015 03:00:00 AM,3,1,2
04/12/2015 04:00:00 AM,2,0,2
04/12/2015 05:00:00 AM,4,0,4
04/12/2015 06:00:00 AM,3,0,3
04/12/2015 07:00:00 AM,8,2,6
04/12/2015 08:00:00 AM,31,4,27
04/12/2015 09:00:00 AM,44,22,22
04/12/2015 10:00:00 AM,41,23,18
04/12/2015 11:00:00 AM,67,32,35
04/12/2015 12:00:00 PM,63,29,34
04/12/2015 01:00:00 PM,72,41,31
04/12/2015 02:00:00 PM,72,33,39
04/12/2015 03:00:00 PM,55,37,18
04/12/2015 04:00:00 PM,32,12,20
04/12/2015 05:00:00 PM,39,24,15
04/12/2015 06:00:00 PM,21,13,8
04/12/2015 07:00:00 PM,14,7,7
04/12/2015 08:00:00 PM,6,5,1
04/12/2015 09:00:00 PM,4,3,1
04/12/2015 10:00:00 PM,4,2,2
04/12/2015 11:00:00 PM,2,0,2
04/13/2015 12:00:00 AM,6,3,3
04/13/2015 01:00:00 AM,3,1,2
04/13/2015 02:00:00 AM,0,0,0
04/13/2015 03:00:00 AM,1,1,0
04/13/2015 04:00:00 AM,8,1,7
04/13/2015 05:00:00 AM,14,1,13
04/13/2015 06:00:00 AM,60,9,51
04/13/2015 07:00:00 AM,89,10,79
04/13/2015 08:00:00 AM,86,8,78
04/13/2015 09:00:00 AM,30,2,28
04/13/2015 10:00:00 AM,14,6,8
04/13/2015 11:00:00 AM,18,3,15
04/13/2015 12:00:00 PM,8,3,5
04/13/2015 01:00:00 PM,10,4,6
04/13/2015 02:00:00 PM,21,11,10
04/13/2015 03:00:00 PM,32,26,6
04/13/2015 04:00:00 PM,55,48,7
04/13/2015 05:00:00 PM,77,66,11
04/13/2015 06:00:00 PM,62,55,7
04/13/2015 07:00:00 PM,14,12,2
04/13/2015 08:00:00 PM,7,6,1
04/13/2015 09:00:00 PM,5,4,1
04/13/2015 10:00:00 PM,0,0,0
04/13/2015 11:00:00 PM,1,1,0
04/14/2015 12:00:00 AM,0,0,0
04/14/2015 01:00:00 AM,0,0,0
04/14/2015 02:00:00 AM,2,0,2
04/14/2015 03:00:00 AM,5,4,1
04/14/2015 04:00:00 AM,4,2,2
04/14/2015 05:00:00 AM,11,1,10
04/14/2015 06:00:00 AM,53,3,50
04/14/2015 07:00:00 AM,86,9,77
04/14/2015 08:00:00 AM,87,12,75
04/14/2015 09:00:00 AM,28,5,23
04/14/2015 10:00:00 AM,13,6,7
04/14/2015 11:00:00 AM,16,5,11
04/14/2015 12:00:00 PM,11,6,5
04/14/2015 01:00:00 PM,15,10,5
04/14/2015 02:00:00 PM,19,11,8
04/14/2015 03:00:00 PM,18,12,6
04/14/2015 04:00:00 PM,59,52,7
04/14/2015 05:00:00 PM,98,91,7
04/14/2015 06:00:00 PM,55,50,5
04/14/2015 07:00:00 PM,26,20,6
04/14/2015 08:00:00 PM,8,7,1
04/14/2015 09:00:00 PM,10,7,3
04/14/2015 10:00:00 PM,1,1,0
04/14/2015 11:00:00 PM,2,1,1
04/15/2015 12:00:00 AM,2,2,0
04/15/2015 01:00:00 AM,1,1,0
04/15/2015 02:00:00 AM,1,0,1
04/15/2015 03:00:00 AM,2,1,1
04/15/2015 04:00:00 AM,4,1,3
04/15/2015 05:00:00 AM,21,3,18
04/15/2015 06:00:00 AM,65,6,59
04/15/2015 07:00:00 AM,110,14,96
04/15/2015 08:00:00 AM,107,5,102
04/15/2015 09:00:00 AM,43,8,35
04/15/2015 10:00:00 AM,23,6,17
04/15/2015 11:00:00 AM,14,4,10
04/15/2015 12:00:00 PM,23,11,12
04/15/2015 01:00:00 PM,20,10,10
04/15/2015 02:00:00 PM,34,22,12
04/15/2015 03:00:00 PM,43,32,11
04/15/2015 04:00:00 PM,103,81,22
04/15/2015 05:00:00 PM,136,117,19
04/15/2015 06:00:00 PM,108,82,26
04/15/2015 07:00:00 PM,55,39,16
04/15/2015 08:00:00 PM,22,15,7
04/15/2015 09:00:00 PM,10,6,4
04/15/2015 10:00:00 PM,9,7,2
04/15/2015 11:00:00 PM,3,2,1
04/16/2015 12:00:00 AM,4,3,1
04/16/2015 01:00:00 AM,0,0,0
04/16/2015 02:00:00 AM,2,0,2
04/16/2015 03:00:00 AM,0,0,0
04/16/2015 04:00:00 AM,5,0,5
04/16/2015 05:00:00 AM,21,2,19
04/16/2015 06:00:00 AM,71,9,62
04/16/2015 07:00:00 AM,116,15,101
04/16/2015 08:00:00 AM,113,12,101
04/16/2015 09:00:00 AM,49,6,43
04/16/2015 10:00:00 AM,23,3,20
04/16/2015 11:00:00 AM,29,10,19
04/16/2015 12:00:00 PM,31,13,18
04/16/2015 01:00:00 PM,29,10,19
04/16/2015 02:00:00 PM,40,23,17
04/16/2015 03:00:00 PM,59,44,15
04/16/2015 04:00:00 PM,110,85,25
04/16/2015 05:00:00 PM,151,129,22
04/16/2015 06:00:00 PM,116,94,22
04/16/2015 07:00:00 PM,49,35,14
04/16/2015 08:00:00 PM,30,16,14
04/16/2015 09:00:00 PM,18,11,7
04/16/2015 10:00:00 PM,6,4,2
04/16/2015 11:00:00 PM,5,4,1
04/17/2015 12:00:00 AM,4,3,1
04/17/2015 01:00:00 AM,2,1,1
04/17/2015 02:00:00 AM,1,1,0
04/17/2015 03:00:00 AM,0,0,0
04/17/2015 04:00:00 AM,0,0,0
04/17/2015 05:00:00 AM,16,1,15
04/17/2015 06:00:00 AM,56,6,50
04/17/2015 07:00:00 AM,112,18,94
04/17/2015 08:00:00 AM,97,10,87
04/17/2015 09:00:00 AM,36,3,33
04/17/2015 10:00:00 AM,35,14,21
04/17/2015 11:00:00 AM,10,4,6
04/17/2015 12:00:00 PM,33,16,17
04/17/2015 01:00:00 PM,23,11,12
04/17/2015 02:00:00 PM,37,19,18
04/17/2015 03:00:00 PM,65,44,21
04/17/2015 04:00:00 PM,110,89,21
04/17/2015 05:00:00 PM,125,110,15
04/17/2015 06:00:00 PM,77,65,12
04/17/2015 07:00:00 PM,32,24,8
04/17/2015 08:00:00 PM,20,16,4
04/17/2015 09:00:00 PM,10,6,4
04/17/2015 10:00:00 PM,7,3,4
04/17/2015 11:00:00 PM,2,2,0
04/18/2015 12:00:00 AM,3,2,1
04/18/2015 01:00:00 AM,3,2,1
04/18/2015 02:00:00 AM,0,0,0
04/18/2015 03:00:00 AM,3,1,2
04/18/2015 04:00:00 AM,1,0,1
04/18/2015 05:00:00 AM,5,0,5
04/18/2015 06:00:00 AM,14,6,8
04/18/2015 07:00:00 AM,41,23,18
04/18/2015 08:00:00 AM,66,36,30
04/18/2015 09:00:00 AM,56,25,31
04/18/2015 10:00:00 AM,73,43,30
04/18/2015 11:00:00 AM,90,34,56
04/18/2015 12:00:00 PM,70,36,34
04/18/2015 01:00:00 PM,100,48,52
04/18/2015 02:00:00 PM,99,44,55
04/18/2015 03:00:00 PM,74,35,39
04/18/2015 04:00:00 PM,50,26,24
04/18/2015 05:00:00 PM,67,39,28
04/18/2015 06:00:00 PM,49,24,25
04/18/2015 07:00:00 PM,19,8,11
04/18/2015 08:00:00 PM,23,10,13
04/18/2015 09:00:00 PM,11,7,4
04/18/2015 10:00:00 PM,5,3,2
04/18/2015 11:00:00 PM,3,2,1
04/19/2015 12:00:00 AM,6,4,2
04/19/2015 01:00:00 AM,4,3,1
04/19/2015 02:00:00 AM,1,1,0
04/19/2015 03:00:00 AM,1,0,1
04/19/2015 04:00:00 AM,5,1,4
04/19/2015 05:00:00 AM,3,0,3
04/19/2015 06:00:00 AM,8,4,4
04/19/2015 07:00:00 AM,16,4,12
04/19/2015 08:00:00 AM,40,18,22
04/19/2015 09:00:00 AM,77,25,52
04/19/2015 10:00:00 AM,65,34,31
04/19/2015 11:00:00 AM,78,43,35
04/19/2015 12:00:00 PM,111,67,44
04/19/2015 01:00:00 PM,79,45,34
04/19/2015 02:00:00 PM,93,51,42
04/19/2015 03:00:00 PM,68,36,32
04/19/2015 04:00:00 PM,75,39,36
04/19/2015 05:00:00 PM,72,31,41
04/19/2015 06:00:00 PM,28,13,15
04/19/2015 07:00:00 PM,20,13,7
04/19/2015 08:00:00 PM,14,8,6
04/19/2015 09:00:00 PM,11,4,7
04/19/2015 10:00:00 PM,6,5,1
04/19/2015 11:00:00 PM,2,1,1
04/20/2015 12:00:00 AM,1,0,1
04/20/2015 01:00:00 AM,5,4,1
04/20/2015 02:00:00 AM,1,1,0
04/20/2015 03:00:00 AM,0,0,0
04/20/2015 04:00:00 AM,5,2,3
04/20/2015 05:00:00 AM,21,2,19
04/20/2015 06:00:00 AM,83,13,70
04/20/2015 07:00:00 AM,146,20,126
04/20/2015 08:00:00 AM,135,14,121
04/20/2015 09:00:00 AM,57,8,49
04/20/2015 10:00:00 AM,28,6,22
04/20/2015 11:00:00 AM,29,10,19
04/20/2015 12:00:00 PM,32,13,19
04/20/2015 01:00:00 PM,23,14,9
04/20/2015 02:00:00 PM,46,26,20
04/20/2015 03:00:00 PM,61,41,20
04/20/2015 04:00:00 PM,135,101,34
04/20/2015 05:00:00 PM,181,152,29
04/20/2015 06:00:00 PM,130,112,18
04/20/2015 07:00:00 PM,40,34,6
04/20/2015 08:00:00 PM,28,20,8
04/20/2015 09:00:00 PM,19,14,5
04/20/2015 10:00:00 PM,3,3,0
04/20/2015 11:00:00 PM,7,5,2
04/21/2015 12:00:00 AM,2,1,1
04/21/2015 01:00:00 AM,3,2,1
04/21/2015 02:00:00 AM,3,2,1
04/21/2015 03:00:00 AM,3,2,1
04/21/2015 04:00:00 AM,5,2,3
04/21/2015 05:00:00 AM,26,4,22
04/21/2015 06:00:00 AM,92,13,79
04/21/2015 07:00:00 AM,150,15,135
04/21/2015 08:00:00 AM,108,9,99
04/21/2015 09:00:00 AM,43,11,32
04/21/2015 10:00:00 AM,24,10,14
04/21/2015 11:00:00 AM,23,10,13
04/21/2015 12:00:00 PM,29,11,18
04/21/2015 01:00:00 PM,31,14,17
04/21/2015 02:00:00 PM,25,16,9
04/21/2015 03:00:00 PM,44,37,7
04/21/2015 04:00:00 PM,125,104,21
04/21/2015 05:00:00 PM,113,104,9
04/21/2015 06:00:00 PM,79,67,12
04/21/2015 07:00:00 PM,29,23,6
04/21/2015 08:00:00 PM,9,5,4
04/21/2015 09:00:00 PM,12,11,1
04/21/2015 10:00:00 PM,6,4,2
04/21/2015 11:00:00 PM,5,5,0
04/22/2015 12:00:00 AM,0,0,0
04/22/2015 01:00:00 AM,1,1,0
04/22/2015 02:00:00 AM,2,1,1
04/22/2015 03:00:00 AM,2,1,1
04/22/2015 04:00:00 AM,2,1,1
04/22/2015 05:00:00 AM,19,3,16
04/22/2015 06:00:00 AM,81,9,72
04/22/2015 07:00:00 AM,131,13,118
04/22/2015 08:00:00 AM,110,14,96
04/22/2015 09:00:00 AM,47,13,34
04/22/2015 10:00:00 AM,12,2,10
04/22/2015 11:00:00 AM,17,5,12
04/22/2015 12:00:00 PM,27,12,15
04/22/2015 01:00:00 PM,31,8,23
04/22/2015 02:00:00 PM,32,21,11
04/22/2015 03:00:00 PM,43,33,10
04/22/2015 04:00:00 PM,91,71,20
04/22/2015 05:00:00 PM,141,118,23
04/22/2015 06:00:00 PM,110,96,14
04/22/2015 07:00:00 PM,45,26,19
04/22/2015 08:00:00 PM,25,21,4
04/22/2015 09:00:00 PM,16,13,3
04/22/2015 10:00:00 PM,8,4,4
04/22/2015 11:00:00 PM,3,1,2
04/23/2015 12:00:00 AM,2,2,0
04/23/2015 01:00:00 AM,1,1,0
04/23/2015 02:00:00 AM,0,0,0
04/23/2015 03:00:00 AM,1,1,0
04/23/2015 04:00:00 AM,3,0,3
04/23/2015 05:00:00 AM,16,1,15
04/23/2015 06:00:00 AM,59,8,51
04/23/2015 07:00:00 AM,99,9,90
04/23/2015 08:00:00 AM,105,12,93
04/23/2015 09:00:00 AM,35,4,31
04/23/2015 10:00:00 AM,13,2,11
04/23/2015 11:00:00 AM,12,3,9
04/23/2015 12:00:00 PM,13,2,11
04/23/2015 01:00:00 PM,9,4,5
04/23/2015 02:00:00 PM,21,15,6
04/23/2015 03:00:00 PM,36,25,11
04/23/2015 04:00:00 PM,52,46,6
04/23/2015 05:00:00 PM,88,83,5
04/23/2015 06:00:00 PM,87,76,11
04/23/2015 07:00:00 PM,36,31,5
04/23/2015 08:00:00 PM,5,4,1
04/23/2015 09:00:00 PM,13,9,4
04/23/2015 10:00:00 PM,6,6,0
04/23/2015 11:00:00 PM,3,2,1
04/24/2015 12:00:00 AM,3,3,0
04/24/2015 01:00:00 AM,2,1,1
04/24/2015 02:00:00 AM,1,1,0
04/24/2015 03:00:00 AM,0,0,0
04/24/2015 04:00:00 AM,2,0,2
04/24/2015 05:00:00 AM,11,2,9
04/24/2015 06:00:00 AM,46,4,42
04/24/2015 07:00:00 AM,75,12,63
04/24/2015 08:00:00 AM,72,5,67
04/24/2015 09:00:00 AM,26,1,25
04/24/2015 10:00:00 AM,11,1,10
04/24/2015 11:00:00 AM,5,1,4
04/24/2015 12:00:00 PM,12,5,7
04/24/2015 01:00:00 PM,12,5,7
04/24/2015 02:00:00 PM,14,10,4
04/24/2015 03:00:00 PM,28,21,7
04/24/2015 04:00:00 PM,65,55,10
04/24/2015 05:00:00 PM,77,66,11
04/24/2015 06:00:00 PM,38,31,7
04/24/2015 07:00:00 PM,28,20,8
04/24/2015 08:00:00 PM,10,8,2
04/24/2015 09:00:00 PM,4,4,0
04/24/2015 10:00:00 PM,5,5,0
04/24/2015 11:00:00 PM,3,0,3
04/25/2015 12:00:00 AM,5,3,2
04/25/2015 01:00:00 AM,2,1,1
04/25/2015 02:00:00 AM,2,2,0
04/25/2015 03:00:00 AM,2,0,2
04/25/2015 04:00:00 AM,0,0,0
04/25/2015 05:00:00 AM,3,0,3
04/25/2015 06:00:00 AM,5,1,4
04/25/2015 07:00:00 AM,12,3,9
04/25/2015 08:00:00 AM,26,11,15
04/25/2015 09:00:00 AM,26,11,15
04/25/2015 10:00:00 AM,46,20,26
04/25/2015 11:00:00 AM,37,18,19
04/25/2015 12:00:00 PM,49,26,23
04/25/2015 01:00:00 PM,67,27,40
04/25/2015 02:00:00 PM,56,26,30
04/25/2015 03:00:00 PM,38,28,10
04/25/2015 04:00:00 PM,31,17,14
04/25/2015 05:00:00 PM,47,25,22
04/25/2015 06:00:00 PM,20,16,4
04/25/2015 07:00:00 PM,25,14,11
04/25/2015 08:00:00 PM,20,12,8
04/25/2015 09:00:00 PM,10,6,4
04/25/2015 10:00:00 PM,9,7,2
04/25/2015 11:00:00 PM,4,2,2
04/26/2015 12:00:00 AM,4,2,2
04/26/2015 01:00:00 AM,1,0,1
04/26/2015 02:00:00 AM,1,1,0
04/26/2015 03:00:00 AM,1,0,1
04/26/2015 04:00:00 AM,2,1,1
04/26/2015 05:00:00 AM,4,1,3
04/26/2015 06:00:00 AM,6,3,3
04/26/2015 07:00:00 AM,13,3,10
04/26/2015 08:00:00 AM,37,9,28
04/26/2015 09:00:00 AM,30,18,12
04/26/2015 10:00:00 AM,44,26,18
04/26/2015 11:00:00 AM,53,26,27
04/26/2015 12:00:00 PM,51,24,27
04/26/2015 01:00:00 PM,51,26,25
04/26/2015 02:00:00 PM,40,20,20
04/26/2015 03:00:00 PM,68,35,33
04/26/2015 04:00:00 PM,70,41,29
04/26/2015 05:00:00 PM,66,29,37
04/26/2015 06:00:00 PM,18,11,7
04/26/2015 07:00:00 PM,16,9,7
04/26/2015 08:00:00 PM,8,5,3
04/26/2015 09:00:00 PM,3,3,0
04/26/2015 10:00:00 PM,5,3,2
04/26/2015 11:00:00 PM,5,5,0
04/27/2015 12:00:00 AM,2,1,1
04/27/2015 01:00:00 AM,1,0,1
04/27/2015 02:00:00 AM,0,0,0
04/27/2015 03:00:00 AM,3,1,2
04/27/2015 04:00:00 AM,4,2,2
04/27/2015 05:00:00 AM,22,4,18
04/27/2015 06:00:00 AM,69,12,57
04/27/2015 07:00:00 AM,158,25,133
04/27/2015 08:00:00 AM,134,9,125
04/27/2015 09:00:00 AM,51,5,46
04/27/2015 10:00:00 AM,18,4,14
04/27/2015 11:00:00 AM,20,7,13
04/27/2015 12:00:00 PM,32,13,19
04/27/2015 01:00:00 PM,26,11,15
04/27/2015 02:00:00 PM,45,27,18
04/27/2015 03:00:00 PM,72,51,21
04/27/2015 04:00:00 PM,165,133,32
04/27/2015 05:00:00 PM,206,171,35
04/27/2015 06:00:00 PM,145,118,27
04/27/2015 07:00:00 PM,48,30,18
04/27/2015 08:00:00 PM,29,16,13
04/27/2015 09:00:00 PM,9,3,6
04/27/2015 10:00:00 PM,5,5,0
04/27/2015 11:00:00 PM,7,4,3
04/28/2015 12:00:00 AM,1,1,0
04/28/2015 01:00:00 AM,1,1,0
04/28/2015 02:00:00 AM,1,0,1
04/28/2015 03:00:00 AM,4,3,1
04/28/2015 04:00:00 AM,2,0,2
04/28/2015 05:00:00 AM,15,2,13
04/28/2015 06:00:00 AM,85,12,73
04/28/2015 07:00:00 AM,124,14,110
04/28/2015 08:00:00 AM,121,11,110
04/28/2015 09:00:00 AM,30,4,26
04/28/2015 10:00:00 AM,21,4,17
04/28/2015 11:00:00 AM,24,13,11
04/28/2015 12:00:00 PM,25,9,16
04/28/2015 01:00:00 PM,7,4,3
04/28/2015 02:00:00 PM,21,10,11
04/28/2015 03:00:00 PM,42,32,10
04/28/2015 04:00:00 PM,66,57,9
04/28/2015 05:00:00 PM,107,94,13
04/28/2015 06:00:00 PM,87,79,8
04/28/2015 07:00:00 PM,34,26,8
04/28/2015 08:00:00 PM,18,17,1
04/28/2015 09:00:00 PM,13,10,3
04/28/2015 10:00:00 PM,5,4,1
04/28/2015 11:00:00 PM,3,3,0
04/29/2015 12:00:00 AM,0,0,0
04/29/2015 01:00:00 AM,1,1,0
04/29/2015 02:00:00 AM,1,0,1
04/29/2015 03:00:00 AM,0,0,0
04/29/2015 04:00:00 AM,2,1,1
04/29/2015 05:00:00 AM,11,2,9
04/29/2015 06:00:00 AM,62,5,57
04/29/2015 07:00:00 AM,137,15,122
04/29/2015 08:00:00 AM,119,15,104
04/29/2015 09:00:00 AM,68,13,55
04/29/2015 10:00:00 AM,14,7,7
04/29/2015 11:00:00 AM,17,6,11
04/29/2015 12:00:00 PM,20,11,9
04/29/2015 01:00:00 PM,26,10,16
04/29/2015 02:00:00 PM,31,20,11
04/29/2015 03:00:00 PM,36,29,7
04/29/2015 04:00:00 PM,101,84,17
04/29/2015 05:00:00 PM,165,135,30
04/29/2015 06:00:00 PM,108,89,19
04/29/2015 07:00:00 PM,64,46,18
04/29/2015 08:00:00 PM,28,19,9
04/29/2015 09:00:00 PM,11,6,5
04/29/2015 10:00:00 PM,6,6,0
04/29/2015 11:00:00 PM,3,2,1
04/30/2015 12:00:00 AM,1,0,1
04/30/2015 01:00:00 AM,0,0,0
04/30/2015 02:00:00 AM,1,1,0
04/30/2015 03:00:00 AM,0,0,0
04/30/2015 04:00:00 AM,3,0,3
04/30/2015 05:00:00 AM,25,4,21
04/30/2015 06:00:00 AM,82,13,69
04/30/2015 07:00:00 AM,150,16,134
04/30/2015 08:00:00 AM,121,8,113
04/30/2015 09:00:00 AM,52,8,44
04/30/2015 10:00:00 AM,20,6,14
04/30/2015 11:00:00 AM,26,7,19
04/30/2015 12:00:00 PM,27,14,13
04/30/2015 01:00:00 PM,24,14,10
04/30/2015 02:00:00 PM,42,22,20
04/30/2015 03:00:00 PM,52,40,12
04/30/2015 04:00:00 PM,104,85,19
04/30/2015 05:00:00 PM,156,131,25
04/30/2015 06:00:00 PM,117,98,19
04/30/2015 07:00:00 PM,59,48,11
04/30/2015 08:00:00 PM,28,20,8
04/30/2015 09:00:00 PM,17,9,8
04/30/2015 10:00:00 PM,12,11,1
04/30/2015 11:00:00 PM,5,3,2
05/01/2015 12:00:00 AM,1,1,0
05/01/2015 01:00:00 AM,2,2,0
05/01/2015 02:00:00 AM,2,1,1
05/01/2015 03:00:00 AM,0,0,0
05/01/2015 04:00:00 AM,4,2,2
05/01/2015 05:00:00 AM,26,3,23
05/01/2015 06:00:00 AM,104,18,86
05/01/2015 07:00:00 AM,187,25,162
05/01/2015 08:00:00 AM,159,15,144
05/01/2015 09:00:00 AM,55,5,50
05/01/2015 10:00:00 AM,29,6,23
05/01/2015 11:00:00 AM,34,18,16
05/01/2015 12:00:00 PM,31,20,11
05/01/2015 01:00:00 PM,51,25,26
05/01/2015 02:00:00 PM,50,37,13
05/01/2015 03:00:00 PM,80,60,20
05/01/2015 04:00:00 PM,149,122,27
05/01/2015 05:00:00 PM,174,155,19
05/01/2015 06:00:00 PM,85,73,12
05/01/2015 07:00:00 PM,50,35,15
05/01/2015 08:00:00 PM,15,9,6
05/01/2015 09:00:00 PM,12,12,0
05/01/2015 10:00:00 PM,3,3,0
05/01/2015 11:00:00 PM,1,1,0
05/02/2015 12:00:00 AM,2,2,0
05/02/2015 01:00:00 AM,5,2,3
05/02/2015 02:00:00 AM,0,0,0
05/02/2015 03:00:00 AM,2,1,1
05/02/2015 04:00:00 AM,1,0,1
05/02/2015 05:00:00 AM,9,4,5
05/02/2015 06:00:00 AM,11,4,7
05/02/2015 07:00:00 AM,33,11,22
05/02/2015 08:00:00 AM,47,18,29
05/02/2015 09:00:00 AM,47,23,24
05/02/2015 10:00:00 AM,73,29,44
05/02/2015 11:00:00 AM,96,69,27
05/02/2015 12:00:00 PM,81,38,43
05/02/2015 01:00:00 PM,64,32,32
05/02/2015 02:00:00 PM,76,44,32
05/02/2015 03:00:00 PM,85,43,42
05/02/2015 04:00:00 PM,98,51,47
05/02/2015 05:00:00 PM,58,40,18
05/02/2015 06:00:00 PM,43,19,24
05/02/2015 07:00:00 PM,28,14,14
05/02/2015 08:00:00 PM,5,4,1
05/02/2015 09:00:00 PM,13,4,9
05/02/2015 10:00:00 PM,7,4,3
05/02/2015 11:00:00 PM,10,4,6
05/03/2015 12:00:00 AM,3,3,0
05/03/2015 01:00:00 AM,0,0,0
05/03/2015 02:00:00 AM,2,1,1
05/03/2015 03:00:00 AM,2,1,1
05/03/2015 04:00:00 AM,0,0,0
05/03/2015 05:00:00 AM,8,3,5
05/03/2015 06:00:00 AM,15,6,9
05/03/2015 07:00:00 AM,18,7,11
05/03/2015 08:00:00 AM,61,18,43
05/03/2015 09:00:00 AM,62,25,37
05/03/2015 10:00:00 AM,72,47,25
05/03/2015 11:00:00 AM,87,57,30
05/03/2015 12:00:00 PM,81,48,33
05/03/2015 01:00:00 PM,116,57,59
05/03/2015 02:00:00 PM,71,40,31
05/03/2015 03:00:00 PM,71,46,25
05/03/2015 04:00:00 PM,84,41,43
05/03/2015 05:00:00 PM,57,26,31
05/03/2015 06:00:00 PM,35,14,21
05/03/2015 07:00:00 PM,25,13,12
05/03/2015 08:00:00 PM,11,4,7
05/03/2015 09:00:00 PM,8,3,5
05/03/2015 10:00:00 PM,0,0,0
05/03/2015 11:00:00 PM,3,2,1
05/04/2015 12:00:00 AM,1,0,1
05/04/2015 01:00:00 AM,0,0,0
05/04/2015 02:00:00 AM,1,0,1
05/04/2015 03:00:00 AM,2,1,1
05/04/2015 04:00:00 AM,5,0,5
05/04/2015 05:00:00 AM,22,1,21
05/04/2015 06:00:00 AM,110,14,96
05/04/2015 07:00:00 AM,215,24,191
05/04/2015 08:00:00 AM,153,12,141
05/04/2015 09:00:00 AM,65,8,57
05/04/2015 10:00:00 AM,34,10,24
05/04/2015 11:00:00 AM,24,12,12
05/04/2015 12:00:00 PM,30,14,16
05/04/2015 01:00:00 PM,23,14,9
05/04/2015 02:00:00 PM,27,14,13
05/04/2015 03:00:00 PM,64,46,18
05/04/2015 04:00:00 PM,123,94,29
05/04/2015 05:00:00 PM,235,206,29
05/04/2015 06:00:00 PM,162,147,15
05/04/2015 07:00:00 PM,49,40,9
05/04/2015 08:00:00 PM,21,17,4
05/04/2015 09:00:00 PM,8,7,1
05/04/2015 10:00:00 PM,5,2,3
05/04/2015 11:00:00 PM,4,2,2
05/05/2015 12:00:00 AM,4,3,1
05/05/2015 01:00:00 AM,2,2,0
05/05/2015 02:00:00 AM,2,0,2
05/05/2015 03:00:00 AM,1,1,0
05/05/2015 04:00:00 AM,2,0,2
05/05/2015 05:00:00 AM,21,1,20
05/05/2015 06:00:00 AM,63,9,54
05/05/2015 07:00:00 AM,114,11,103
05/05/2015 08:00:00 AM,98,4,94
05/05/2015 09:00:00 AM,43,5,38
05/05/2015 10:00:00 AM,23,4,19
05/05/2015 11:00:00 AM,14,9,5
05/05/2015 12:00:00 PM,19,10,9
05/05/2015 01:00:00 PM,22,8,14
05/05/2015 02:00:00 PM,15,8,7
05/05/2015 03:00:00 PM,21,13,8
05/05/2015 04:00:00 PM,74,58,16
05/05/2015 05:00:00 PM,117,105,12
05/05/2015 06:00:00 PM,52,48,4
05/05/2015 07:00:00 PM,40,35,5
05/05/2015 08:00:00 PM,13,12,1
05/05/2015 09:00:00 PM,8,7,1
05/05/2015 10:00:00 PM,3,3,0
05/05/2015 11:00:00 PM,4,2,2
05/06/2015 12:00:00 AM,1,1,0
05/06/2015 01:00:00 AM,0,0,0
05/06/2015 02:00:00 AM,1,0,1
05/06/2015 03:00:00 AM,2,1,1
05/06/2015 04:00:00 AM,5,1,4
05/06/2015 05:00:00 AM,24,2,22
05/06/2015 06:00:00 AM,111,17,94
05/06/2015 07:00:00 AM,187,24,163
05/06/2015 08:00:00 AM,151,6,145
05/06/2015 09:00:00 AM,58,11,47
05/06/2015 10:00:00 AM,25,6,19
05/06/2015 11:00:00 AM,19,9,10
05/06/2015 12:00:00 PM,21,8,13
05/06/2015 01:00:00 PM,29,13,16
05/06/2015 02:00:00 PM,41,26,15
05/06/2015 03:00:00 PM,53,38,15
05/06/2015 04:00:00 PM,121,102,19
05/06/2015 05:00:00 PM,210,189,21
05/06/2015 06:00:00 PM,156,128,28
05/06/2015 07:00:00 PM,71,52,19
05/06/2015 08:00:00 PM,29,22,7
05/06/2015 09:00:00 PM,15,11,4
05/06/2015 10:00:00 PM,9,5,4
05/06/2015 11:00:00 PM,3,3,0
05/07/2015 12:00:00 AM,1,1,0
05/07/2015 01:00:00 AM,1,1,0
05/07/2015 02:00:00 AM,0,0,0
05/07/2015 03:00:00 AM,0,0,0
05/07/2015 04:00:00 AM,4,0,4
05/07/2015 05:00:00 AM,31,2,29
05/07/2015 06:00:00 AM,143,11,132
05/07/2015 07:00:00 AM,166,12,154
05/07/2015 08:00:00 AM,163,21,142
05/07/2015 09:00:00 AM,83,10,73
05/07/2015 10:00:00 AM,20,6,14
05/07/2015 11:00:00 AM,26,13,13
05/07/2015 12:00:00 PM,24,7,17
05/07/2015 01:00:00 PM,37,20,17
05/07/2015 02:00:00 PM,51,27,24
05/07/2015 03:00:00 PM,57,40,17
05/07/2015 04:00:00 PM,142,118,24
05/07/2015 05:00:00 PM,260,182,78
05/07/2015 06:00:00 PM,134,85,49
05/07/2015 07:00:00 PM,151,130,21
05/07/2015 08:00:00 PM,38,25,13
05/07/2015 09:00:00 PM,18,12,6
05/07/2015 10:00:00 PM,14,5,9
05/07/2015 11:00:00 PM,42,5,37
05/08/2015 12:00:00 AM,16,2,14
05/08/2015 01:00:00 AM,14,3,11
05/08/2015 02:00:00 AM,0,0,0
05/08/2015 03:00:00 AM,1,1,0
05/08/2015 04:00:00 AM,1,0,1
05/08/2015 05:00:00 AM,30,3,27
05/08/2015 06:00:00 AM,111,13,98
05/08/2015 07:00:00 AM,193,21,172
05/08/2015 08:00:00 AM,152,21,131
05/08/2015 09:00:00 AM,56,11,45
05/08/2015 10:00:00 AM,34,10,24
05/08/2015 11:00:00 AM,27,12,15
05/08/2015 12:00:00 PM,38,18,20
05/08/2015 01:00:00 PM,32,21,11
05/08/2015 02:00:00 PM,42,28,14
05/08/2015 03:00:00 PM,76,57,19
05/08/2015 04:00:00 PM,138,108,30
05/08/2015 05:00:00 PM,210,179,31
05/08/2015 06:00:00 PM,85,70,15
05/08/2015 07:00:00 PM,61,50,11
05/08/2015 08:00:00 PM,32,23,9
05/08/2015 09:00:00 PM,20,14,6
05/08/2015 10:00:00 PM,6,2,4
05/08/2015 11:00:00 PM,3,3,0
05/09/2015 12:00:00 AM,4,2,2
05/09/2015 01:00:00 AM,1,0,1
05/09/2015 02:00:00 AM,1,1,0
05/09/2015 03:00:00 AM,1,0,1
05/09/2015 04:00:00 AM,1,0,1
05/09/2015 05:00:00 AM,14,2,12
05/09/2015 06:00:00 AM,22,7,15
05/09/2015 07:00:00 AM,42,11,31
05/09/2015 08:00:00 AM,47,21,26
05/09/2015 09:00:00 AM,67,31,36
05/09/2015 10:00:00 AM,78,48,30
05/09/2015 11:00:00 AM,67,37,30
05/09/2015 12:00:00 PM,154,86,68
05/09/2015 01:00:00 PM,124,75,49
05/09/2015 02:00:00 PM,112,56,56
05/09/2015 03:00:00 PM,100,40,60
05/09/2015 04:00:00 PM,104,44,60
05/09/2015 05:00:00 PM,63,26,37
05/09/2015 06:00:00 PM,76,40,36
05/09/2015 07:00:00 PM,33,18,15
05/09/2015 08:00:00 PM,23,11,12
05/09/2015 09:00:00 PM,9,6,3
05/09/2015 10:00:00 PM,4,3,1
05/09/2015 11:00:00 PM,4,3,1
05/10/2015 12:00:00 AM,6,2,4
05/10/2015 01:00:00 AM,1,0,1
05/10/2015 02:00:00 AM,4,3,1
05/10/2015 03:00:00 AM,2,1,1
05/10/2015 04:00:00 AM,2,1,1
05/10/2015 05:00:00 AM,5,0,5
05/10/2015 06:00:00 AM,6,2,4
05/10/2015 07:00:00 AM,22,1,21
05/10/2015 08:00:00 AM,19,6,13
05/10/2015 09:00:00 AM,56,40,16
05/10/2015 10:00:00 AM,77,32,45
05/10/2015 11:00:00 AM,90,47,43
05/10/2015 12:00:00 PM,62,24,38
05/10/2015 01:00:00 PM,68,39,29
05/10/2015 02:00:00 PM,72,41,31
05/10/2015 03:00:00 PM,69,33,36
05/10/2015 04:00:00 PM,71,40,31
05/10/2015 05:00:00 PM,37,19,18
05/10/2015 06:00:00 PM,28,14,14
05/10/2015 07:00:00 PM,16,9,7
05/10/2015 08:00:00 PM,15,6,9
05/10/2015 09:00:00 PM,4,1,3
05/10/2015 10:00:00 PM,6,2,4
05/10/2015 11:00:00 PM,0,0,0
05/11/2015 12:00:00 AM,1,0,1
05/11/2015 01:00:00 AM,0,0,0
05/11/2015 02:00:00 AM,1,1,0
05/11/2015 03:00:00 AM,3,2,1
05/11/2015 04:00:00 AM,7,1,6
05/11/2015 05:00:00 AM,24,2,22
05/11/2015 06:00:00 AM,97,14,83
05/11/2015 07:00:00 AM,154,16,138
05/11/2015 08:00:00 AM,132,21,111
05/11/2015 09:00:00 AM,51,7,44
05/11/2015 10:00:00 AM,22,6,16
05/11/2015 11:00:00 AM,14,7,7
05/11/2015 12:00:00 PM,16,5,11
05/11/2015 01:00:00 PM,17,9,8
05/11/2015 02:00:00 PM,26,17,9
05/11/2015 03:00:00 PM,40,29,11
05/11/2015 04:00:00 PM,103,85,18
05/11/2015 05:00:00 PM,182,164,18
05/11/2015 06:00:00 PM,104,91,13
05/11/2015 07:00:00 PM,46,38,8
05/11/2015 08:00:00 PM,23,16,7
05/11/2015 09:00:00 PM,14,11,3
05/11/2015 10:00:00 PM,5,3,2
05/11/2015 11:00:00 PM,2,1,1
05/12/2015 12:00:00 AM,5,4,1
05/12/2015 01:00:00 AM,0,0,0
05/12/2015 02:00:00 AM,1,0,1
05/12/2015 03:00:00 AM,2,1,1
05/12/2015 04:00:00 AM,6,1,5
05/12/2015 05:00:00 AM,27,3,24
05/12/2015 06:00:00 AM,92,16,76
05/12/2015 07:00:00 AM,168,28,140
05/12/2015 08:00:00 AM,134,13,121
05/12/2015 09:00:00 AM,44,5,39
05/12/2015 10:00:00 AM,21,9,12
05/12/2015 11:00:00 AM,15,6,9
05/12/2015 12:00:00 PM,27,11,16
05/12/2015 01:00:00 PM,8,3,5
05/12/2015 02:00:00 PM,28,21,7
05/12/2015 03:00:00 PM,41,27,14
05/12/2015 04:00:00 PM,96,74,22
05/12/2015 05:00:00 PM,162,140,22
05/12/2015 06:00:00 PM,129,118,11
05/12/2015 07:00:00 PM,52,41,11
05/12/2015 08:00:00 PM,27,20,7
05/12/2015 09:00:00 PM,10,7,3
05/12/2015 10:00:00 PM,10,8,2
05/12/2015 11:00:00 PM,1,1,0
05/13/2015 12:00:00 AM,2,0,2
05/13/2015 01:00:00 AM,3,3,0
05/13/2015 02:00:00 AM,0,0,0
05/13/2015 03:00:00 AM,2,2,0
05/13/2015 04:00:00 AM,4,0,4
05/13/2015 05:00:00 AM,20,3,17
05/13/2015 06:00:00 AM,59,4,55
05/13/2015 07:00:00 AM,122,10,112
05/13/2015 08:00:00 AM,102,7,95
05/13/2015 09:00:00 AM,48,4,44
05/13/2015 10:00:00 AM,19,4,15
05/13/2015 11:00:00 AM,15,9,6
05/13/2015 12:00:00 PM,8,3,5
05/13/2015 01:00:00 PM,7,3,4
05/13/2015 02:00:00 PM,23,15,8
05/13/2015 03:00:00 PM,23,17,6
05/13/2015 04:00:00 PM,76,59,17
05/13/2015 05:00:00 PM,129,116,13
05/13/2015 06:00:00 PM,77,73,4
05/13/2015 07:00:00 PM,27,24,3
05/13/2015 08:00:00 PM,16,12,4
05/13/2015 09:00:00 PM,11,11,0
05/13/2015 10:00:00 PM,11,9,2
05/13/2015 11:00:00 PM,5,4,1
05/14/2015 12:00:00 AM,0,0,0
05/14/2015 01:00:00 AM,1,1,0
05/14/2015 02:00:00 AM,1,0,1
05/14/2015 03:00:00 AM,1,1,0
05/14/2015 04:00:00 AM,4,0,4
05/14/2015 05:00:00 AM,18,3,15
05/14/2015 06:00:00 AM,85,8,77
05/14/2015 07:00:00 AM,156,18,138
05/14/2015 08:00:00 AM,125,9,116
05/14/2015 09:00:00 AM,46,3,43
05/14/2015 10:00:00 AM,21,0,21
05/14/2015 11:00:00 AM,14,5,9
05/14/2015 12:00:00 PM,25,14,11
05/14/2015 01:00:00 PM,38,18,20
05/14/2015 02:00:00 PM,32,23,9
05/14/2015 03:00:00 PM,71,37,34
05/14/2015 04:00:00 PM,137,108,29
05/14/2015 05:00:00 PM,190,144,46
05/14/2015 06:00:00 PM,115,91,24
05/14/2015 07:00:00 PM,57,42,15
05/14/2015 08:00:00 PM,53,38,15
05/14/2015 09:00:00 PM,14,12,2
05/14/2015 10:00:00 PM,19,15,4
05/14/2015 11:00:00 PM,6,4,2
05/15/2015 12:00:00 AM,5,3,2
05/15/2015 01:00:00 AM,0,0,0
05/15/2015 02:00:00 AM,2,1,1
05/15/2015 03:00:00 AM,1,1,0
05/15/2015 04:00:00 AM,4,1,3
05/15/2015 05:00:00 AM,33,2,31
05/15/2015 06:00:00 AM,152,17,135
05/15/2015 07:00:00 AM,228,30,198
05/15/2015 08:00:00 AM,237,30,207
05/15/2015 09:00:00 AM,76,11,65
05/15/2015 10:00:00 AM,31,10,21
05/15/2015 11:00:00 AM,28,13,15
05/15/2015 12:00:00 PM,46,26,20
05/15/2015 01:00:00 PM,67,31,36
05/15/2015 02:00:00 PM,43,30,13
05/15/2015 03:00:00 PM,94,66,28
05/15/2015 04:00:00 PM,183,144,39
05/15/2015 05:00:00 PM,230,190,40
05/15/2015 06:00:00 PM,134,113,21
05/15/2015 07:00:00 PM,56,51,5
05/15/2015 08:00:00 PM,28,25,3
05/15/2015 09:00:00 PM,14,9,5
05/15/2015 10:00:00 PM,16,14,2
05/15/2015 11:00:00 PM,11,5,6
05/16/2015 12:00:00 AM,13,9,4
05/16/2015 01:00:00 AM,1,1,0
05/16/2015 02:00:00 AM,1,0,1
05/16/2015 03:00:00 AM,1,0,1
05/16/2015 04:00:00 AM,0,0,0
05/16/2015 05:00:00 AM,5,1,4
05/16/2015 06:00:00 AM,8,0,8
05/16/2015 07:00:00 AM,33,9,24
05/16/2015 08:00:00 AM,58,38,20
05/16/2015 09:00:00 AM,46,22,24
05/16/2015 10:00:00 AM,68,37,31
05/16/2015 11:00:00 AM,54,31,23
05/16/2015 12:00:00 PM,103,65,38
05/16/2015 01:00:00 PM,75,45,30
05/16/2015 02:00:00 PM,80,40,40
05/16/2015 03:00:00 PM,75,32,43
05/16/2015 04:00:00 PM,81,20,61
05/16/2015 05:00:00 PM,45,15,30
05/16/2015 06:00:00 PM,32,19,13
05/16/2015 07:00:00 PM,21,13,8
05/16/2015 08:00:00 PM,14,8,6
05/16/2015 09:00:00 PM,11,6,5
05/16/2015 10:00:00 PM,8,7,1
05/16/2015 11:00:00 PM,4,2,2
05/17/2015 12:00:00 AM,4,4,0
05/17/2015 01:00:00 AM,1,1,0
05/17/2015 02:00:00 AM,1,1,0
05/17/2015 03:00:00 AM,1,0,1
05/17/2015 04:00:00 AM,2,1,1
05/17/2015 05:00:00 AM,5,0,5
05/17/2015 06:00:00 AM,10,3,7
05/17/2015 07:00:00 AM,24,6,18
05/17/2015 08:00:00 AM,34,18,16
05/17/2015 09:00:00 AM,57,31,26
05/17/2015 10:00:00 AM,60,34,26
05/17/2015 11:00:00 AM,72,31,41
05/17/2015 12:00:00 PM,81,37,44
05/17/2015 01:00:00 PM,74,51,23
05/17/2015 02:00:00 PM,72,35,37
05/17/2015 03:00:00 PM,72,41,31
05/17/2015 04:00:00 PM,78,38,40
05/17/2015 05:00:00 PM,53,32,21
05/17/2015 06:00:00 PM,48,27,21
05/17/2015 07:00:00 PM,40,18,22
05/17/2015 08:00:00 PM,28,15,13
05/17/2015 09:00:00 PM,8,6,2
05/17/2015 10:00:00 PM,9,2,7
05/17/2015 11:00:00 PM,4,1,3
05/18/2015 12:00:00 AM,1,1,0
05/18/2015 01:00:00 AM,0,0,0
05/18/2015 02:00:00 AM,0,0,0
05/18/2015 03:00:00 AM,4,2,2
05/18/2015 04:00:00 AM,7,0,7
05/18/2015 05:00:00 AM,31,7,24
05/18/2015 06:00:00 AM,144,26,118
05/18/2015 07:00:00 AM,199,36,163
05/18/2015 08:00:00 AM,204,27,177
05/18/2015 09:00:00 AM,94,21,73
05/18/2015 10:00:00 AM,50,18,32
05/18/2015 11:00:00 AM,42,16,26
05/18/2015 12:00:00 PM,62,39,23
05/18/2015 01:00:00 PM,43,19,24
05/18/2015 02:00:00 PM,69,42,27
05/18/2015 03:00:00 PM,80,63,17
05/18/2015 04:00:00 PM,150,118,32
05/18/2015 05:00:00 PM,247,214,33
05/18/2015 06:00:00 PM,155,137,18
05/18/2015 07:00:00 PM,65,45,20
05/18/2015 08:00:00 PM,38,19,19
05/18/2015 09:00:00 PM,13,9,4
05/18/2015 10:00:00 PM,13,9,4
05/18/2015 11:00:00 PM,4,2,2
05/19/2015 12:00:00 AM,7,5,2
05/19/2015 01:00:00 AM,3,3,0
05/19/2015 02:00:00 AM,0,0,0
05/19/2015 03:00:00 AM,4,3,1
05/19/2015 04:00:00 AM,4,0,4
05/19/2015 05:00:00 AM,30,6,24
05/19/2015 06:00:00 AM,128,16,112
05/19/2015 07:00:00 AM,205,19,186
05/19/2015 08:00:00 AM,175,24,151
05/19/2015 09:00:00 AM,58,8,50
05/19/2015 10:00:00 AM,35,10,25
05/19/2015 11:00:00 AM,29,8,21
05/19/2015 12:00:00 PM,38,19,19
05/19/2015 01:00:00 PM,28,13,15
05/19/2015 02:00:00 PM,37,22,15
05/19/2015 03:00:00 PM,60,42,18
05/19/2015 04:00:00 PM,137,113,24
05/19/2015 05:00:00 PM,260,224,36
05/19/2015 06:00:00 PM,150,129,21
05/19/2015 07:00:00 PM,82,54,28
05/19/2015 08:00:00 PM,38,26,12
05/19/2015 09:00:00 PM,11,8,3
05/19/2015 10:00:00 PM,11,10,1
05/19/2015 11:00:00 PM,6,4,2
05/20/2015 12:00:00 AM,1,1,0
05/20/2015 01:00:00 AM,2,1,1
05/20/2015 02:00:00 AM,1,0,1
05/20/2015 03:00:00 AM,4,2,2
05/20/2015 04:00:00 AM,7,2,5
05/20/2015 05:00:00 AM,32,4,28
05/20/2015 06:00:00 AM,123,20,103
05/20/2015 07:00:00 AM,167,20,147
05/20/2015 08:00:00 AM,178,23,155
05/20/2015 09:00:00 AM,56,7,49
05/20/2015 10:00:00 AM,23,14,9
05/20/2015 11:00:00 AM,17,8,9
05/20/2015 12:00:00 PM,23,11,12
05/20/2015 01:00:00 PM,23,10,13
05/20/2015 02:00:00 PM,47,26,21
05/20/2015 03:00:00 PM,57,45,12
05/20/2015 04:00:00 PM,145,117,28
05/20/2015 05:00:00 PM,234,197,37
05/20/2015 06:00:00 PM,165,132,33
05/20/2015 07:00:00 PM,72,49,23
05/20/2015 08:00:00 PM,41,29,12
05/20/2015 09:00:00 PM,20,17,3
05/20/2015 10:00:00 PM,5,3,2
05/20/2015 11:00:00 PM,3,2,1
05/21/2015 12:00:00 AM,5,4,1
05/21/2015 01:00:00 AM,0,0,0
05/21/2015 02:00:00 AM,0,0,0
05/21/2015 03:00:00 AM,3,2,1
05/21/2015 04:00:00 AM,10,2,8
05/21/2015 05:00:00 AM,28,2,26
05/21/2015 06:00:00 AM,114,20,94
05/21/2015 07:00:00 AM,203,17,186
05/21/2015 08:00:00 AM,182,13,169
05/21/2015 09:00:00 AM,65,12,53
05/21/2015 10:00:00 AM,28,11,17
05/21/2015 11:00:00 AM,24,11,13
05/21/2015 12:00:00 PM,29,13,16
05/21/2015 01:00:00 PM,28,17,11
05/21/2015 02:00:00 PM,47,29,18
05/21/2015 03:00:00 PM,67,44,23
05/21/2015 04:00:00 PM,162,128,34
05/21/2015 05:00:00 PM,244,200,44
05/21/2015 06:00:00 PM,131,116,15
05/21/2015 07:00:00 PM,62,49,13
05/21/2015 08:00:00 PM,30,21,9
05/21/2015 09:00:00 PM,25,16,9
05/21/2015 10:00:00 PM,11,6,5
05/21/2015 11:00:00 PM,8,5,3
05/22/2015 12:00:00 AM,6,5,1
05/22/2015 01:00:00 AM,2,1,1
05/22/2015 02:00:00 AM,2,1,1
05/22/2015 03:00:00 AM,1,0,1
05/22/2015 04:00:00 AM,5,2,3
05/22/2015 05:00:00 AM,25,1,24
05/22/2015 06:00:00 AM,84,15,69
05/22/2015 07:00:00 AM,141,22,119
05/22/2015 08:00:00 AM,141,17,124
05/22/2015 09:00:00 AM,59,8,51
05/22/2015 10:00:00 AM,20,5,15
05/22/2015 11:00:00 AM,43,31,12
05/22/2015 12:00:00 PM,38,18,20
05/22/2015 01:00:00 PM,40,23,17
05/22/2015 02:00:00 PM,45,33,12
05/22/2015 03:00:00 PM,66,55,11
05/22/2015 04:00:00 PM,112,92,20
05/22/2015 05:00:00 PM,140,119,21
05/22/2015 06:00:00 PM,82,66,16
05/22/2015 07:00:00 PM,40,37,3
05/22/2015 08:00:00 PM,23,15,8
05/22/2015 09:00:00 PM,11,9,2
05/22/2015 10:00:00 PM,8,6,2
05/22/2015 11:00:00 PM,4,4,0
05/23/2015 12:00:00 AM,3,1,2
05/23/2015 01:00:00 AM,1,0,1
05/23/2015 02:00:00 AM,2,2,0
05/23/2015 03:00:00 AM,1,0,1
05/23/2015 04:00:00 AM,2,0,2
05/23/2015 05:00:00 AM,8,1,7
05/23/2015 06:00:00 AM,16,6,10
05/23/2015 07:00:00 AM,26,12,14
05/23/2015 08:00:00 AM,19,11,8
05/23/2015 09:00:00 AM,34,16,18
05/23/2015 10:00:00 AM,28,13,15
05/23/2015 11:00:00 AM,34,17,17
05/23/2015 12:00:00 PM,43,18,25
05/23/2015 01:00:00 PM,40,22,18
05/23/2015 02:00:00 PM,53,32,21
05/23/2015 03:00:00 PM,32,10,22
05/23/2015 04:00:00 PM,32,20,12
05/23/2015 05:00:00 PM,35,12,23
05/23/2015 06:00:00 PM,27,16,11
05/23/2015 07:00:00 PM,16,9,7
05/23/2015 08:00:00 PM,12,8,4
05/23/2015 09:00:00 PM,15,13,2
05/23/2015 10:00:00 PM,1,1,0
05/23/2015 11:00:00 PM,6,4,2
05/24/2015 12:00:00 AM,6,4,2
05/24/2015 01:00:00 AM,4,4,0
05/24/2015 02:00:00 AM,1,1,0
05/24/2015 03:00:00 AM,1,0,1
05/24/2015 04:00:00 AM,4,4,0
05/24/2015 05:00:00 AM,7,0,7
05/24/2015 06:00:00 AM,6,2,4
05/24/2015 07:00:00 AM,14,2,12
05/24/2015 08:00:00 AM,27,14,13
05/24/2015 09:00:00 AM,45,31,14
05/24/2015 10:00:00 AM,42,19,23
05/24/2015 11:00:00 AM,61,32,29
05/24/2015 12:00:00 PM,42,12,30
05/24/2015 01:00:00 PM,51,27,24
05/24/2015 02:00:00 PM,60,26,34
05/24/2015 03:00:00 PM,56,25,31
05/24/2015 04:00:00 PM,53,29,24
05/24/2015 05:00:00 PM,46,33,13
05/24/2015 06:00:00 PM,22,12,10
05/24/2015 07:00:00 PM,22,11,11
05/24/2015 08:00:00 PM,17,8,9
05/24/2015 09:00:00 PM,10,3,7
05/24/2015 10:00:00 PM,6,5,1
05/24/2015 11:00:00 PM,6,6,0
05/25/2015 12:00:00 AM,2,2,0
05/25/2015 01:00:00 AM,3,3,0
05/25/2015 02:00:00 AM,1,1,0
05/25/2015 03:00:00 AM,3,3,0
05/25/2015 04:00:00 AM,2,1,1
05/25/2015 05:00:00 AM,6,1,5
05/25/2015 06:00:00 AM,8,0,8
05/25/2015 07:00:00 AM,20,5,15
05/25/2015 08:00:00 AM,21,11,10
05/25/2015 09:00:00 AM,36,15,21
05/25/2015 10:00:00 AM,62,36,26
05/25/2015 11:00:00 AM,71,45,26
05/25/2015 12:00:00 PM,69,26,43
05/25/2015 01:00:00 PM,65,24,41
05/25/2015 02:00:00 PM,60,23,37
05/25/2015 03:00:00 PM,51,21,30
05/25/2015 04:00:00 PM,53,26,27
05/25/2015 05:00:00 PM,37,18,19
05/25/2015 06:00:00 PM,36,25,11
05/25/2015 07:00:00 PM,19,9,10
05/25/2015 08:00:00 PM,13,6,7
05/25/2015 09:00:00 PM,10,9,1
05/25/2015 10:00:00 PM,4,1,3
05/25/2015 11:00:00 PM,10,10,0
05/26/2015 12:00:00 AM,5,3,2
05/26/2015 01:00:00 AM,1,0,1
05/26/2015 02:00:00 AM,0,0,0
05/26/2015 03:00:00 AM,2,0,2
05/26/2015 04:00:00 AM,6,0,6
05/26/2015 05:00:00 AM,23,2,21
05/26/2015 06:00:00 AM,110,14,96
05/26/2015 07:00:00 AM,165,12,153
05/26/2015 08:00:00 AM,171,20,151
05/26/2015 09:00:00 AM,61,11,50
05/26/2015 10:00:00 AM,36,12,24
05/26/2015 11:00:00 AM,17,8,9
05/26/2015 12:00:00 PM,33,14,19
05/26/2015 01:00:00 PM,18,9,9
05/26/2015 02:00:00 PM,45,24,21
05/26/2015 03:00:00 PM,65,45,20
05/26/2015 04:00:00 PM,130,108,22
05/26/2015 05:00:00 PM,237,209,28
05/26/2015 06:00:00 PM,147,121,26
05/26/2015 07:00:00 PM,53,42,11
05/26/2015 08:00:00 PM,33,21,12
05/26/2015 09:00:00 PM,15,12,3
05/26/2015 10:00:00 PM,7,6,1
05/26/2015 11:00:00 PM,3,3,0
05/27/2015 12:00:00 AM,1,1,0
05/27/2015 01:00:00 AM,1,1,0
05/27/2015 02:00:00 AM,3,1,2
05/27/2015 03:00:00 AM,2,0,2
05/27/2015 04:00:00 AM,6,1,5
05/27/2015 05:00:00 AM,28,3,25
05/27/2015 06:00:00 AM,118,14,104
05/27/2015 07:00:00 AM,205,28,177
05/27/2015 08:00:00 AM,165,13,152
05/27/2015 09:00:00 AM,54,8,46
05/27/2015 10:00:00 AM,39,16,23
05/27/2015 11:00:00 AM,24,9,15
05/27/2015 12:00:00 PM,22,17,5
05/27/2015 01:00:00 PM,52,14,38
05/27/2015 02:00:00 PM,39,27,12
05/27/2015 03:00:00 PM,68,49,19
05/27/2015 04:00:00 PM,152,124,28
05/27/2015 05:00:00 PM,234,201,33
05/27/2015 06:00:00 PM,139,118,21
05/27/2015 07:00:00 PM,72,48,24
05/27/2015 08:00:00 PM,42,24,18
05/27/2015 09:00:00 PM,30,22,8
05/27/2015 10:00:00 PM,11,9,2
05/27/2015 11:00:00 PM,15,13,2
05/28/2015 12:00:00 AM,2,1,1
05/28/2015 01:00:00 AM,0,0,0
05/28/2015 02:00:00 AM,2,1,1
05/28/2015 03:00:00 AM,3,0,3
05/28/2015 04:00:00 AM,14,3,11
05/28/2015 05:00:00 AM,34,8,26
05/28/2015 06:00:00 AM,117,22,95
05/28/2015 07:00:00 AM,183,21,162
05/28/2015 08:00:00 AM,183,13,170
05/28/2015 09:00:00 AM,84,15,69
05/28/2015 10:00:00 AM,38,11,27
05/28/2015 11:00:00 AM,37,18,19
05/28/2015 12:00:00 PM,26,11,15
05/28/2015 01:00:00 PM,36,24,12
05/28/2015 02:00:00 PM,45,23,22
05/28/2015 03:00:00 PM,74,50,24
05/28/2015 04:00:00 PM,159,128,31
05/28/2015 05:00:00 PM,242,198,44
05/28/2015 06:00:00 PM,153,118,35
05/28/2015 07:00:00 PM,80,60,20
05/28/2015 08:00:00 PM,43,29,14
05/28/2015 09:00:00 PM,24,14,10
05/28/2015 10:00:00 PM,19,10,9
05/28/2015 11:00:00 PM,4,4,0
05/29/2015 12:00:00 AM,6,5,1
05/29/2015 01:00:00 AM,2,2,0
05/29/2015 02:00:00 AM,2,1,1
05/29/2015 03:00:00 AM,3,1,2
05/29/2015 04:00:00 AM,6,2,4
05/29/2015 05:00:00 AM,28,4,24
05/29/2015 06:00:00 AM,117,12,105
05/29/2015 07:00:00 AM,181,23,158
05/29/2015 08:00:00 AM,163,15,148
05/29/2015 09:00:00 AM,75,12,63
05/29/2015 10:00:00 AM,49,23,26
05/29/2015 11:00:00 AM,29,14,15
05/29/2015 12:00:00 PM,37,20,17
05/29/2015 01:00:00 PM,43,18,25
05/29/2015 02:00:00 PM,62,42,20
05/29/2015 03:00:00 PM,90,68,22
05/29/2015 04:00:00 PM,146,116,30
05/29/2015 05:00:00 PM,201,165,36
05/29/2015 06:00:00 PM,143,107,36
05/29/2015 07:00:00 PM,61,45,16
05/29/2015 08:00:00 PM,47,32,15
05/29/2015 09:00:00 PM,17,14,3
05/29/2015 10:00:00 PM,18,12,6
05/29/2015 11:00:00 PM,10,7,3
05/30/2015 12:00:00 AM,6,2,4
05/30/2015 01:00:00 AM,2,2,0
05/30/2015 02:00:00 AM,0,0,0
05/30/2015 03:00:00 AM,3,0,3
05/30/2015 04:00:00 AM,3,1,2
05/30/2015 05:00:00 AM,7,0,7
05/30/2015 06:00:00 AM,16,3,13
05/30/2015 07:00:00 AM,22,9,13
05/30/2015 08:00:00 AM,40,11,29
05/30/2015 09:00:00 AM,46,28,18
05/30/2015 10:00:00 AM,62,25,37
05/30/2015 11:00:00 AM,65,36,29
05/30/2015 12:00:00 PM,71,44,27
05/30/2015 01:00:00 PM,69,37,32
05/30/2015 02:00:00 PM,76,36,40
05/30/2015 03:00:00 PM,97,41,56
05/30/2015 04:00:00 PM,76,32,44
05/30/2015 05:00:00 PM,77,46,31
05/30/2015 06:00:00 PM,63,35,28
05/30/2015 07:00:00 PM,21,12,9
05/30/2015 08:00:00 PM,22,13,9
05/30/2015 09:00:00 PM,25,12,13
05/30/2015 10:00:00 PM,7,5,2
05/30/2015 11:00:00 PM,9,6,3
05/31/2015 12:00:00 AM,3,2,1
05/31/2015 01:00:00 AM,7,7,0
05/31/2015 02:00:00 AM,1,1,0
05/31/2015 03:00:00 AM,1,0,1
05/31/2015 04:00:00 AM,3,2,1
05/31/2015 05:00:00 AM,5,1,4
05/31/2015 06:00:00 AM,8,3,5
05/31/2015 07:00:00 AM,28,8,20
05/31/2015 08:00:00 AM,33,9,24
05/31/2015 09:00:00 AM,53,27,26
05/31/2015 10:00:00 AM,83,54,29
05/31/2015 11:00:00 AM,96,50,46
05/31/2015 12:00:00 PM,80,38,42
05/31/2015 01:00:00 PM,93,35,58
05/31/2015 02:00:00 PM,74,24,50
05/31/2015 03:00:00 PM,89,38,51
05/31/2015 04:00:00 PM,96,52,44
05/31/2015 05:00:00 PM,62,41,21
05/31/2015 06:00:00 PM,42,28,14
05/31/2015 07:00:00 PM,27,13,14
05/31/2015 08:00:00 PM,11,5,6
05/31/2015 09:00:00 PM,2,0,2
05/31/2015 10:00:00 PM,9,3,6
05/31/2015 11:00:00 PM,4,2,2
06/01/2015 12:00:00 AM,1,1,0
06/01/2015 01:00:00 AM,1,0,1
06/01/2015 02:00:00 AM,3,0,3
06/01/2015 03:00:00 AM,1,0,1
06/01/2015 04:00:00 AM,5,0,5
06/01/2015 05:00:00 AM,29,8,21
06/01/2015 06:00:00 AM,74,10,64
06/01/2015 07:00:00 AM,144,20,124
06/01/2015 08:00:00 AM,117,13,104
06/01/2015 09:00:00 AM,35,3,32
06/01/2015 10:00:00 AM,11,6,5
06/01/2015 11:00:00 AM,7,4,3
06/01/2015 12:00:00 PM,15,10,5
06/01/2015 01:00:00 PM,18,11,7
06/01/2015 02:00:00 PM,20,12,8
06/01/2015 03:00:00 PM,40,29,11
06/01/2015 04:00:00 PM,83,68,15
06/01/2015 05:00:00 PM,152,130,22
06/01/2015 06:00:00 PM,95,86,9
06/01/2015 07:00:00 PM,32,26,6
06/01/2015 08:00:00 PM,18,12,6
06/01/2015 09:00:00 PM,6,4,2
06/01/2015 10:00:00 PM,4,3,1
06/01/2015 11:00:00 PM,8,6,2
06/02/2015 12:00:00 AM,4,2,2
06/02/2015 01:00:00 AM,0,0,0
06/02/2015 02:00:00 AM,1,0,1
06/02/2015 03:00:00 AM,3,1,2
06/02/2015 04:00:00 AM,4,1,3
06/02/2015 05:00:00 AM,21,3,18
06/02/2015 06:00:00 AM,81,10,71
06/02/2015 07:00:00 AM,147,13,134
06/02/2015 08:00:00 AM,103,13,90
06/02/2015 09:00:00 AM,43,5,38
06/02/2015 10:00:00 AM,14,6,8
06/02/2015 11:00:00 AM,27,16,11
06/02/2015 12:00:00 PM,19,10,9
06/02/2015 01:00:00 PM,21,11,10
06/02/2015 02:00:00 PM,23,17,6
06/02/2015 03:00:00 PM,44,24,20
06/02/2015 04:00:00 PM,93,77,16
06/02/2015 05:00:00 PM,153,128,25
06/02/2015 06:00:00 PM,100,86,14
06/02/2015 07:00:00 PM,50,40,10
06/02/2015 08:00:00 PM,21,17,4
06/02/2015 09:00:00 PM,13,8,5
06/02/2015 10:00:00 PM,4,2,2
06/02/2015 11:00:00 PM,3,2,1
06/03/2015 12:00:00 AM,1,1,0
06/03/2015 01:00:00 AM,1,1,0
06/03/2015 02:00:00 AM,7,2,5
06/03/2015 03:00:00 AM,3,2,1
06/03/2015 04:00:00 AM,4,0,4
06/03/2015 05:00:00 AM,15,2,13
06/03/2015 06:00:00 AM,91,9,82
06/03/2015 07:00:00 AM,143,20,123
06/03/2015 08:00:00 AM,129,12,117
06/03/2015 09:00:00 AM,49,5,44
06/03/2015 10:00:00 AM,26,9,17
06/03/2015 11:00:00 AM,10,5,5
06/03/2015 12:00:00 PM,14,7,7
06/03/2015 01:00:00 PM,35,15,20
06/03/2015 02:00:00 PM,34,18,16
06/03/2015 03:00:00 PM,64,47,17
06/03/2015 04:00:00 PM,106,85,21
06/03/2015 05:00:00 PM,171,142,29
06/03/2015 06:00:00 PM,108,89,19
06/03/2015 07:00:00 PM,55,43,12
06/03/2015 08:00:00 PM,31,19,12
06/03/2015 09:00:00 PM,15,9,6
06/03/2015 10:00:00 PM,11,6,5
06/03/2015 11:00:00 PM,7,5,2
06/04/2015 12:00:00 AM,2,2,0
06/04/2015 01:00:00 AM,3,2,1
06/04/2015 02:00:00 AM,2,2,0
06/04/2015 03:00:00 AM,2,0,2
06/04/2015 04:00:00 AM,4,1,3
06/04/2015 05:00:00 AM,33,6,27
06/04/2015 06:00:00 AM,112,18,94
06/04/2015 07:00:00 AM,153,19,134
06/04/2015 08:00:00 AM,166,12,154
06/04/2015 09:00:00 AM,71,14,57
06/04/2015 10:00:00 AM,35,9,26
06/04/2015 11:00:00 AM,22,10,12
06/04/2015 12:00:00 PM,28,12,16
06/04/2015 01:00:00 PM,22,8,14
06/04/2015 02:00:00 PM,36,23,13
06/04/2015 03:00:00 PM,60,49,11
06/04/2015 04:00:00 PM,123,100,23
06/04/2015 05:00:00 PM,230,182,48
06/04/2015 06:00:00 PM,155,123,32
06/04/2015 07:00:00 PM,69,53,16
06/04/2015 08:00:00 PM,42,29,13
06/04/2015 09:00:00 PM,33,19,14
06/04/2015 10:00:00 PM,13,10,3
06/04/2015 11:00:00 PM,10,5,5
06/05/2015 12:00:00 AM,5,3,2
06/05/2015 01:00:00 AM,6,6,0
06/05/2015 02:00:00 AM,1,1,0
06/05/2015 03:00:00 AM,3,1,2
06/05/2015 04:00:00 AM,5,2,3
06/05/2015 05:00:00 AM,24,3,21
06/05/2015 06:00:00 AM,88,12,76
06/05/2015 07:00:00 AM,158,15,143
06/05/2015 08:00:00 AM,139,21,118
06/05/2015 09:00:00 AM,70,13,57
06/05/2015 10:00:00 AM,43,12,31
06/05/2015 11:00:00 AM,43,22,21
06/05/2015 12:00:00 PM,36,22,14
06/05/2015 01:00:00 PM,48,28,20
06/05/2015 02:00:00 PM,53,35,18
06/05/2015 03:00:00 PM,76,50,26
06/05/2015 04:00:00 PM,115,97,18
06/05/2015 05:00:00 PM,182,151,31
06/05/2015 06:00:00 PM,106,91,15
06/05/2015 07:00:00 PM,63,53,10
06/05/2015 08:00:00 PM,31,19,12
06/05/2015 09:00:00 PM,16,8,8
06/05/2015 10:00:00 PM,20,9,11
06/05/2015 11:00:00 PM,15,5,10
06/06/2015 12:00:00 AM,43,6,37
06/06/2015 01:00:00 AM,5,3,2
06/06/2015 02:00:00 AM,9,6,3
06/06/2015 03:00:00 AM,3,2,1
06/06/2015 04:00:00 AM,8,6,2
06/06/2015 05:00:00 AM,5,2,3
06/06/2015 06:00:00 AM,27,14,13
06/06/2015 07:00:00 AM,30,11,19
06/06/2015 08:00:00 AM,58,18,40
06/06/2015 09:00:00 AM,61,30,31
06/06/2015 10:00:00 AM,72,31,41
06/06/2015 11:00:00 AM,80,37,43
06/06/2015 12:00:00 PM,82,45,37
06/06/2015 01:00:00 PM,102,46,56
06/06/2015 02:00:00 PM,111,63,48
06/06/2015 03:00:00 PM,108,60,48
06/06/2015 04:00:00 PM,63,30,33
06/06/2015 05:00:00 PM,66,30,36
06/06/2015 06:00:00 PM,50,22,28
06/06/2015 07:00:00 PM,41,21,20
06/06/2015 08:00:00 PM,29,12,17
06/06/2015 09:00:00 PM,13,7,6
06/06/2015 10:00:00 PM,11,3,8
06/06/2015 11:00:00 PM,12,6,6
06/07/2015 12:00:00 AM,5,5,0
06/07/2015 01:00:00 AM,2,1,1
06/07/2015 02:00:00 AM,0,0,0
06/07/2015 03:00:00 AM,6,4,2
06/07/2015 04:00:00 AM,2,2,0
06/07/2015 05:00:00 AM,7,0,7
06/07/2015 06:00:00 AM,12,5,7
06/07/2015 07:00:00 AM,39,14,25
06/07/2015 08:00:00 AM,64,26,38
06/07/2015 09:00:00 AM,74,31,43
06/07/2015 10:00:00 AM,104,57,47
06/07/2015 11:00:00 AM,98,66,32
06/07/2015 12:00:00 PM,132,69,63
06/07/2015 01:00:00 PM,86,37,49
06/07/2015 02:00:00 PM,80,43,37
06/07/2015 03:00:00 PM,87,44,43
06/07/2015 04:00:00 PM,73,41,32
06/07/2015 05:00:00 PM,77,33,44
06/07/2015 06:00:00 PM,55,30,25
06/07/2015 07:00:00 PM,36,18,18
06/07/2015 08:00:00 PM,22,6,16
06/07/2015 09:00:00 PM,15,8,7
06/07/2015 10:00:00 PM,6,5,1
06/07/2015 11:00:00 PM,6,4,2
06/08/2015 12:00:00 AM,1,0,1
06/08/2015 01:00:00 AM,1,1,0
06/08/2015 02:00:00 AM,0,0,0
06/08/2015 03:00:00 AM,1,0,1
06/08/2015 04:00:00 AM,14,12,2
06/08/2015 05:00:00 AM,28,6,22
06/08/2015 06:00:00 AM,98,18,80
06/08/2015 07:00:00 AM,186,27,159
06/08/2015 08:00:00 AM,162,21,141
06/08/2015 09:00:00 AM,81,12,69
06/08/2015 10:00:00 AM,24,6,18
06/08/2015 11:00:00 AM,20,8,12
06/08/2015 12:00:00 PM,42,23,19
06/08/2015 01:00:00 PM,38,24,14
06/08/2015 02:00:00 PM,36,22,14
06/08/2015 03:00:00 PM,62,45,17
06/08/2015 04:00:00 PM,150,119,31
06/08/2015 05:00:00 PM,200,175,25
06/08/2015 06:00:00 PM,164,121,43
06/08/2015 07:00:00 PM,54,44,10
06/08/2015 08:00:00 PM,26,19,7
06/08/2015 09:00:00 PM,20,8,12
06/08/2015 10:00:00 PM,12,7,5
06/08/2015 11:00:00 PM,7,4,3
06/09/2015 12:00:00 AM,3,1,2
06/09/2015 01:00:00 AM,3,3,0
06/09/2015 02:00:00 AM,1,1,0
06/09/2015 03:00:00 AM,3,1,2
06/09/2015 04:00:00 AM,8,2,6
06/09/2015 05:00:00 AM,33,8,25
06/09/2015 06:00:00 AM,128,23,105
06/09/2015 07:00:00 AM,202,26,176
06/09/2015 08:00:00 AM,155,23,132
06/09/2015 09:00:00 AM,77,12,65
06/09/2015 10:00:00 AM,32,10,22
06/09/2015 11:00:00 AM,33,14,19
06/09/2015 12:00:00 PM,35,19,16
06/09/2015 01:00:00 PM,33,14,19
06/09/2015 02:00:00 PM,40,21,19
06/09/2015 03:00:00 PM,77,56,21
06/09/2015 04:00:00 PM,143,113,30
06/09/2015 05:00:00 PM,229,200,29
06/09/2015 06:00:00 PM,164,136,28
06/09/2015 07:00:00 PM,60,44,16
06/09/2015 08:00:00 PM,46,38,8
06/09/2015 09:00:00 PM,37,23,14
06/09/2015 10:00:00 PM,8,5,3
06/09/2015 11:00:00 PM,8,4,4
06/10/2015 12:00:00 AM,5,3,2
06/10/2015 01:00:00 AM,1,0,1
06/10/2015 02:00:00 AM,1,1,0
06/10/2015 03:00:00 AM,3,3,0
06/10/2015 04:00:00 AM,3,0,3
06/10/2015 05:00:00 AM,29,6,23
06/10/2015 06:00:00 AM,121,19,102
06/10/2015 07:00:00 AM,193,26,167
06/10/2015 08:00:00 AM,170,17,153
06/10/2015 09:00:00 AM,59,7,52
06/10/2015 10:00:00 AM,27,8,19
06/10/2015 11:00:00 AM,24,10,14
06/10/2015 12:00:00 PM,37,20,17
06/10/2015 01:00:00 PM,39,18,21
06/10/2015 02:00:00 PM,38,24,14
06/10/2015 03:00:00 PM,68,44,24
06/10/2015 04:00:00 PM,159,127,32
06/10/2015 05:00:00 PM,202,177,25
06/10/2015 06:00:00 PM,162,132,30
06/10/2015 07:00:00 PM,94,58,36
06/10/2015 08:00:00 PM,67,38,29
06/10/2015 09:00:00 PM,23,10,13
06/10/2015 10:00:00 PM,7,6,1
06/10/2015 11:00:00 PM,3,1,2
06/11/2015 12:00:00 AM,5,3,2
06/11/2015 01:00:00 AM,1,0,1
06/11/2015 02:00:00 AM,0,0,0
06/11/2015 03:00:00 AM,3,1,2
06/11/2015 04:00:00 AM,8,3,5
06/11/2015 05:00:00 AM,27,5,22
06/11/2015 06:00:00 AM,100,11,89
06/11/2015 07:00:00 AM,198,24,174
06/11/2015 08:00:00 AM,164,12,152
06/11/2015 09:00:00 AM,70,6,64
06/11/2015 10:00:00 AM,37,11,26
06/11/2015 11:00:00 AM,28,19,9
06/11/2015 12:00:00 PM,37,14,23
06/11/2015 01:00:00 PM,33,21,12
06/11/2015 02:00:00 PM,30,20,10
06/11/2015 03:00:00 PM,73,54,19
06/11/2015 04:00:00 PM,141,112,29
06/11/2015 05:00:00 PM,213,179,34
06/11/2015 06:00:00 PM,147,118,29
06/11/2015 07:00:00 PM,76,58,18
06/11/2015 08:00:00 PM,49,26,23
06/11/2015 09:00:00 PM,14,9,5
06/11/2015 10:00:00 PM,22,12,10
06/11/2015 11:00:00 PM,7,4,3
06/12/2015 12:00:00 AM,1,1,0
06/12/2015 01:00:00 AM,6,6,0
06/12/2015 02:00:00 AM,4,4,0
06/12/2015 03:00:00 AM,3,0,3
06/12/2015 04:00:00 AM,1,0,1
06/12/2015 05:00:00 AM,23,4,19
06/12/2015 06:00:00 AM,74,12,62
06/12/2015 07:00:00 AM,138,15,123
06/12/2015 08:00:00 AM,114,15,99
06/12/2015 09:00:00 AM,64,9,55
06/12/2015 10:00:00 AM,25,6,19
06/12/2015 11:00:00 AM,24,10,14
06/12/2015 12:00:00 PM,20,9,11
06/12/2015 01:00:00 PM,28,17,11
06/12/2015 02:00:00 PM,35,20,15
06/12/2015 03:00:00 PM,61,43,18
06/12/2015 04:00:00 PM,117,92,25
06/12/2015 05:00:00 PM,139,123,16
06/12/2015 06:00:00 PM,83,71,12
06/12/2015 07:00:00 PM,38,31,7
06/12/2015 08:00:00 PM,34,21,13
06/12/2015 09:00:00 PM,14,7,7
06/12/2015 10:00:00 PM,9,7,2
06/12/2015 11:00:00 PM,6,4,2
06/13/2015 12:00:00 AM,3,3,0
06/13/2015 01:00:00 AM,2,1,1
06/13/2015 02:00:00 AM,0,0,0
06/13/2015 03:00:00 AM,3,1,2
06/13/2015 04:00:00 AM,0,0,0
06/13/2015 05:00:00 AM,13,3,10
06/13/2015 06:00:00 AM,16,3,13
06/13/2015 07:00:00 AM,44,21,23
06/13/2015 08:00:00 AM,53,23,30
06/13/2015 09:00:00 AM,63,33,30
06/13/2015 10:00:00 AM,81,40,41
06/13/2015 11:00:00 AM,106,41,65
06/13/2015 12:00:00 PM,75,36,39
06/13/2015 01:00:00 PM,89,47,42
06/13/2015 02:00:00 PM,83,37,46
06/13/2015 03:00:00 PM,71,38,33
06/13/2015 04:00:00 PM,79,33,46
06/13/2015 05:00:00 PM,67,33,34
06/13/2015 06:00:00 PM,58,27,31
06/13/2015 07:00:00 PM,37,19,18
06/13/2015 08:00:00 PM,14,5,9
06/13/2015 09:00:00 PM,27,20,7
06/13/2015 10:00:00 PM,3,2,1
06/13/2015 11:00:00 PM,3,2,1
06/14/2015 12:00:00 AM,5,5,0
06/14/2015 01:00:00 AM,4,4,0
06/14/2015 02:00:00 AM,1,0,1
06/14/2015 03:00:00 AM,3,1,2
06/14/2015 04:00:00 AM,1,0,1
06/14/2015 05:00:00 AM,7,1,6
06/14/2015 06:00:00 AM,11,3,8
06/14/2015 07:00:00 AM,11,1,10
06/14/2015 08:00:00 AM,54,15,39
06/14/2015 09:00:00 AM,73,40,33
06/14/2015 10:00:00 AM,83,53,30
06/14/2015 11:00:00 AM,69,30,39
06/14/2015 12:00:00 PM,112,54,58
06/14/2015 01:00:00 PM,102,52,50
06/14/2015 02:00:00 PM,83,53,30
06/14/2015 03:00:00 PM,64,35,29
06/14/2015 04:00:00 PM,66,34,32
06/14/2015 05:00:00 PM,52,26,26
06/14/2015 06:00:00 PM,40,23,17
06/14/2015 07:00:00 PM,39,22,17
06/14/2015 08:00:00 PM,25,7,18
06/14/2015 09:00:00 PM,6,2,4
06/14/2015 10:00:00 PM,9,6,3
06/14/2015 11:00:00 PM,6,5,1
06/15/2015 12:00:00 AM,1,1,0
06/15/2015 01:00:00 AM,1,0,1
06/15/2015 02:00:00 AM,0,0,0
06/15/2015 03:00:00 AM,3,2,1
06/15/2015 04:00:00 AM,5,1,4
06/15/2015 05:00:00 AM,27,6,21
06/15/2015 06:00:00 AM,98,18,80
06/15/2015 07:00:00 AM,178,26,152
06/15/2015 08:00:00 AM,158,12,146
06/15/2015 09:00:00 AM,74,15,59
06/15/2015 10:00:00 AM,28,3,25
06/15/2015 11:00:00 AM,24,8,16
06/15/2015 12:00:00 PM,29,10,19
06/15/2015 01:00:00 PM,25,10,15
06/15/2015 02:00:00 PM,50,35,15
06/15/2015 03:00:00 PM,65,44,21
06/15/2015 04:00:00 PM,126,103,23
06/15/2015 05:00:00 PM,217,185,32
06/15/2015 06:00:00 PM,132,119,13
06/15/2015 07:00:00 PM,64,51,13
06/15/2015 08:00:00 PM,38,19,19
06/15/2015 09:00:00 PM,19,12,7
06/15/2015 10:00:00 PM,7,6,1
06/15/2015 11:00:00 PM,5,4,1
06/16/2015 12:00:00 AM,4,2,2
06/16/2015 01:00:00 AM,1,1,0
06/16/2015 02:00:00 AM,2,2,0
06/16/2015 03:00:00 AM,3,3,0
06/16/2015 04:00:00 AM,4,0,4
06/16/2015 05:00:00 AM,32,5,27
06/16/2015 06:00:00 AM,101,17,84
06/16/2015 07:00:00 AM,193,22,171
06/16/2015 08:00:00 AM,160,16,144
06/16/2015 09:00:00 AM,50,8,42
06/16/2015 10:00:00 AM,34,11,23
06/16/2015 11:00:00 AM,19,7,12
06/16/2015 12:00:00 PM,28,17,11
06/16/2015 01:00:00 PM,34,15,19
06/16/2015 02:00:00 PM,42,22,20
06/16/2015 03:00:00 PM,49,33,16
06/16/2015 04:00:00 PM,128,102,26
06/16/2015 05:00:00 PM,236,202,34
06/16/2015 06:00:00 PM,130,99,31
06/16/2015 07:00:00 PM,58,45,13
06/16/2015 08:00:00 PM,31,24,7
06/16/2015 09:00:00 PM,20,13,7
06/16/2015 10:00:00 PM,13,9,4
06/16/2015 11:00:00 PM,3,3,0
06/17/2015 12:00:00 AM,1,1,0
06/17/2015 01:00:00 AM,2,1,1
06/17/2015 02:00:00 AM,7,4,3
06/17/2015 03:00:00 AM,1,0,1
06/17/2015 04:00:00 AM,5,1,4
06/17/2015 05:00:00 AM,21,5,16
06/17/2015 06:00:00 AM,77,6,71
06/17/2015 07:00:00 AM,183,16,167
06/17/2015 08:00:00 AM,172,30,142
06/17/2015 09:00:00 AM,61,14,47
06/17/2015 10:00:00 AM,38,13,25
06/17/2015 11:00:00 AM,33,21,12
06/17/2015 12:00:00 PM,47,22,25
06/17/2015 01:00:00 PM,49,11,38
06/17/2015 02:00:00 PM,49,28,21
06/17/2015 03:00:00 PM,63,38,25
06/17/2015 04:00:00 PM,116,87,29
06/17/2015 05:00:00 PM,199,168,31
06/17/2015 06:00:00 PM,161,126,35
06/17/2015 07:00:00 PM,55,43,12
06/17/2015 08:00:00 PM,34,21,13
06/17/2015 09:00:00 PM,24,15,9
06/17/2015 10:00:00 PM,10,7,3
06/17/2015 11:00:00 PM,5,3,2
06/18/2015 12:00:00 AM,2,2,0
06/18/2015 01:00:00 AM,3,1,2
06/18/2015 02:00:00 AM,2,2,0
06/18/2015 03:00:00 AM,2,0,2
06/18/2015 04:00:00 AM,3,1,2
06/18/2015 05:00:00 AM,24,5,19
06/18/2015 06:00:00 AM,92,11,81
06/18/2015 07:00:00 AM,146,15,131
06/18/2015 08:00:00 AM,161,15,146
06/18/2015 09:00:00 AM,65,9,56
06/18/2015 10:00:00 AM,44,19,25
06/18/2015 11:00:00 AM,32,14,18
06/18/2015 12:00:00 PM,38,16,22
06/18/2015 01:00:00 PM,34,17,17
06/18/2015 02:00:00 PM,39,24,15
06/18/2015 03:00:00 PM,54,35,19
06/18/2015 04:00:00 PM,113,84,29
06/18/2015 05:00:00 PM,205,171,34
06/18/2015 06:00:00 PM,153,119,34
06/18/2015 07:00:00 PM,54,46,8
06/18/2015 08:00:00 PM,32,22,10
06/18/2015 09:00:00 PM,19,14,5
06/18/2015 10:00:00 PM,13,12,1
06/18/2015 11:00:00 PM,11,10,1
06/19/2015 12:00:00 AM,3,2,1
06/19/2015 01:00:00 AM,0,0,0
06/19/2015 02:00:00 AM,0,0,0
06/19/2015 03:00:00 AM,1,0,1
06/19/2015 04:00:00 AM,3,1,2
06/19/2015 05:00:00 AM,18,5,13
06/19/2015 06:00:00 AM,53,6,47
06/19/2015 07:00:00 AM,97,11,86
06/19/2015 08:00:00 AM,90,15,75
06/19/2015 09:00:00 AM,51,8,43
06/19/2015 10:00:00 AM,20,7,13
06/19/2015 11:00:00 AM,18,5,13
06/19/2015 12:00:00 PM,16,11,5
06/19/2015 01:00:00 PM,23,11,12
06/19/2015 02:00:00 PM,40,27,13
06/19/2015 03:00:00 PM,49,24,25
06/19/2015 04:00:00 PM,91,67,24
06/19/2015 05:00:00 PM,108,82,26
06/19/2015 06:00:00 PM,76,60,16
06/19/2015 07:00:00 PM,33,25,8
06/19/2015 08:00:00 PM,28,17,11
06/19/2015 09:00:00 PM,19,10,9
06/19/2015 10:00:00 PM,13,12,1
06/19/2015 11:00:00 PM,9,8,1
06/20/2015 12:00:00 AM,8,6,2
06/20/2015 01:00:00 AM,3,2,1
06/20/2015 02:00:00 AM,2,1,1
06/20/2015 03:00:00 AM,2,1,1
06/20/2015 04:00:00 AM,4,1,3
06/20/2015 05:00:00 AM,4,0,4
06/20/2015 06:00:00 AM,21,8,13
06/20/2015 07:00:00 AM,32,8,24
06/20/2015 08:00:00 AM,41,15,26
06/20/2015 09:00:00 AM,57,27,30
06/20/2015 10:00:00 AM,61,23,38
06/20/2015 11:00:00 AM,77,38,39
06/20/2015 12:00:00 PM,77,30,47
06/20/2015 01:00:00 PM,87,39,48
06/20/2015 02:00:00 PM,84,32,52
06/20/2015 03:00:00 PM,75,49,26
06/20/2015 04:00:00 PM,51,24,27
06/20/2015 05:00:00 PM,54,28,26
06/20/2015 06:00:00 PM,43,29,14
06/20/2015 07:00:00 PM,51,37,14
06/20/2015 08:00:00 PM,38,23,15
06/20/2015 09:00:00 PM,15,8,7
06/20/2015 10:00:00 PM,6,6,0
06/20/2015 11:00:00 PM,5,3,2
06/21/2015 12:00:00 AM,3,1,2
06/21/2015 01:00:00 AM,4,4,0
06/21/2015 02:00:00 AM,3,2,1
06/21/2015 03:00:00 AM,3,2,1
06/21/2015 04:00:00 AM,1,1,0
06/21/2015 05:00:00 AM,8,3,5
06/21/2015 06:00:00 AM,9,2,7
06/21/2015 07:00:00 AM,13,3,10
06/21/2015 08:00:00 AM,36,18,18
06/21/2015 09:00:00 AM,44,18,26
06/21/2015 10:00:00 AM,42,24,18
06/21/2015 11:00:00 AM,49,33,16
06/21/2015 12:00:00 PM,109,66,43
06/21/2015 01:00:00 PM,83,37,46
06/21/2015 02:00:00 PM,73,30,43
06/21/2015 03:00:00 PM,77,44,33
06/21/2015 04:00:00 PM,75,37,38
06/21/2015 05:00:00 PM,69,45,24
06/21/2015 06:00:00 PM,34,18,16
06/21/2015 07:00:00 PM,27,13,14
06/21/2015 08:00:00 PM,16,6,10
06/21/2015 09:00:00 PM,13,6,7
06/21/2015 10:00:00 PM,10,4,6
06/21/2015 11:00:00 PM,7,2,5
06/22/2015 12:00:00 AM,2,1,1
06/22/2015 01:00:00 AM,1,1,0
06/22/2015 02:00:00 AM,1,0,1
06/22/2015 03:00:00 AM,2,1,1
06/22/2015 04:00:00 AM,4,0,4
06/22/2015 05:00:00 AM,24,1,23
06/22/2015 06:00:00 AM,79,8,71
06/22/2015 07:00:00 AM,148,17,131
06/22/2015 08:00:00 AM,153,20,133
06/22/2015 09:00:00 AM,59,8,51
06/22/2015 10:00:00 AM,26,1,25
06/22/2015 11:00:00 AM,23,9,14
06/22/2015 12:00:00 PM,28,14,14
06/22/2015 01:00:00 PM,22,9,13
06/22/2015 02:00:00 PM,41,25,16
06/22/2015 03:00:00 PM,61,45,16
06/22/2015 04:00:00 PM,122,99,23
06/22/2015 05:00:00 PM,203,180,23
06/22/2015 06:00:00 PM,137,112,25
06/22/2015 07:00:00 PM,56,44,12
06/22/2015 08:00:00 PM,29,13,16
06/22/2015 09:00:00 PM,17,13,4
06/22/2015 10:00:00 PM,11,8,3
06/22/2015 11:00:00 PM,4,2,2
06/23/2015 12:00:00 AM,3,1,2
06/23/2015 01:00:00 AM,0,0,0
06/23/2015 02:00:00 AM,4,3,1
06/23/2015 03:00:00 AM,3,2,1
06/23/2015 04:00:00 AM,6,2,4
06/23/2015 05:00:00 AM,31,5,26
06/23/2015 06:00:00 AM,106,13,93
06/23/2015 07:00:00 AM,171,16,155
06/23/2015 08:00:00 AM,183,17,166
06/23/2015 09:00:00 AM,52,8,44
06/23/2015 10:00:00 AM,31,10,21
06/23/2015 11:00:00 AM,20,14,6
06/23/2015 12:00:00 PM,28,17,11
06/23/2015 01:00:00 PM,40,18,22
06/23/2015 02:00:00 PM,31,16,15
06/23/2015 03:00:00 PM,59,34,25
06/23/2015 04:00:00 PM,139,109,30
06/23/2015 05:00:00 PM,195,163,32
06/23/2015 06:00:00 PM,179,150,29
06/23/2015 07:00:00 PM,51,38,13
06/23/2015 08:00:00 PM,34,29,5
06/23/2015 09:00:00 PM,25,17,8
06/23/2015 10:00:00 PM,22,20,2
06/23/2015 11:00:00 PM,9,8,1
06/24/2015 12:00:00 AM,1,1,0
06/24/2015 01:00:00 AM,0,0,0
06/24/2015 02:00:00 AM,5,3,2
06/24/2015 03:00:00 AM,2,0,2
06/24/2015 04:00:00 AM,5,2,3
06/24/2015 05:00:00 AM,38,6,32
06/24/2015 06:00:00 AM,103,17,86
06/24/2015 07:00:00 AM,174,13,161
06/24/2015 08:00:00 AM,172,18,154
06/24/2015 09:00:00 AM,55,12,43
06/24/2015 10:00:00 AM,39,14,25
06/24/2015 11:00:00 AM,31,14,17
06/24/2015 12:00:00 PM,38,16,22
06/24/2015 01:00:00 PM,31,11,20
06/24/2015 02:00:00 PM,41,31,10
06/24/2015 03:00:00 PM,47,33,14
06/24/2015 04:00:00 PM,140,108,32
06/24/2015 05:00:00 PM,196,163,33
06/24/2015 06:00:00 PM,165,135,30
06/24/2015 07:00:00 PM,78,61,17
06/24/2015 08:00:00 PM,48,24,24
06/24/2015 09:00:00 PM,26,21,5
06/24/2015 10:00:00 PM,22,17,5
06/24/2015 11:00:00 PM,5,4,1
06/25/2015 12:00:00 AM,3,1,2
06/25/2015 01:00:00 AM,1,0,1
06/25/2015 02:00:00 AM,1,0,1
06/25/2015 03:00:00 AM,2,0,2
06/25/2015 04:00:00 AM,8,2,6
06/25/2015 05:00:00 AM,38,5,33
06/25/2015 06:00:00 AM,99,10,89
06/25/2015 07:00:00 AM,163,22,141
06/25/2015 08:00:00 AM,158,15,143
06/25/2015 09:00:00 AM,57,7,50
06/25/2015 10:00:00 AM,35,12,23
06/25/2015 11:00:00 AM,29,14,15
06/25/2015 12:00:00 PM,42,16,26
06/25/2015 01:00:00 PM,26,14,12
06/25/2015 02:00:00 PM,55,32,23
06/25/2015 03:00:00 PM,53,36,17
06/25/2015 04:00:00 PM,139,100,39
06/25/2015 05:00:00 PM,212,172,40
06/25/2015 06:00:00 PM,134,100,34
06/25/2015 07:00:00 PM,73,57,16
06/25/2015 08:00:00 PM,57,35,22
06/25/2015 09:00:00 PM,22,12,10
06/25/2015 10:00:00 PM,13,8,5
06/25/2015 11:00:00 PM,11,9,2
06/26/2015 12:00:00 AM,6,3,3
06/26/2015 01:00:00 AM,2,0,2
06/26/2015 02:00:00 AM,2,2,0
06/26/2015 03:00:00 AM,2,1,1
06/26/2015 04:00:00 AM,5,1,4
06/26/2015 05:00:00 AM,28,2,26
06/26/2015 06:00:00 AM,68,8,60
06/26/2015 07:00:00 AM,141,26,115
06/26/2015 08:00:00 AM,133,17,116
06/26/2015 09:00:00 AM,56,11,45
06/26/2015 10:00:00 AM,28,5,23
06/26/2015 11:00:00 AM,39,16,23
06/26/2015 12:00:00 PM,31,16,15
06/26/2015 01:00:00 PM,25,12,13
06/26/2015 02:00:00 PM,36,23,13
06/26/2015 03:00:00 PM,66,47,19
06/26/2015 04:00:00 PM,112,89,23
06/26/2015 05:00:00 PM,131,107,24
06/26/2015 06:00:00 PM,72,60,12
06/26/2015 07:00:00 PM,54,44,10
06/26/2015 08:00:00 PM,34,23,11
06/26/2015 09:00:00 PM,26,11,15
06/26/2015 10:00:00 PM,15,12,3
06/26/2015 11:00:00 PM,6,3,3
06/27/2015 12:00:00 AM,6,4,2
06/27/2015 01:00:00 AM,4,3,1
06/27/2015 02:00:00 AM,1,0,1
06/27/2015 03:00:00 AM,2,1,1
06/27/2015 04:00:00 AM,4,1,3
06/27/2015 05:00:00 AM,8,3,5
06/27/2015 06:00:00 AM,32,10,22
06/27/2015 07:00:00 AM,43,12,31
06/27/2015 08:00:00 AM,69,40,29
06/27/2015 09:00:00 AM,69,40,29
06/27/2015 10:00:00 AM,105,55,50
06/27/2015 11:00:00 AM,80,44,36
06/27/2015 12:00:00 PM,69,35,34
06/27/2015 01:00:00 PM,58,29,29
06/27/2015 02:00:00 PM,73,32,41
06/27/2015 03:00:00 PM,60,13,47
06/27/2015 04:00:00 PM,40,18,22
06/27/2015 05:00:00 PM,36,22,14
06/27/2015 06:00:00 PM,33,21,12
06/27/2015 07:00:00 PM,34,15,19
06/27/2015 08:00:00 PM,22,12,10
06/27/2015 09:00:00 PM,15,9,6
06/27/2015 10:00:00 PM,8,4,4
06/27/2015 11:00:00 PM,6,4,2
06/28/2015 12:00:00 AM,11,8,3
06/28/2015 01:00:00 AM,3,2,1
06/28/2015 02:00:00 AM,5,3,2
06/28/2015 03:00:00 AM,2,1,1
06/28/2015 04:00:00 AM,4,2,2
06/28/2015 05:00:00 AM,11,3,8
06/28/2015 06:00:00 AM,13,4,9
06/28/2015 07:00:00 AM,45,13,32
06/28/2015 08:00:00 AM,43,22,21
06/28/2015 09:00:00 AM,35,15,20
06/28/2015 10:00:00 AM,53,33,20
06/28/2015 11:00:00 AM,48,23,25
06/28/2015 12:00:00 PM,59,21,38
06/28/2015 01:00:00 PM,57,29,28
06/28/2015 02:00:00 PM,39,23,16
06/28/2015 03:00:00 PM,58,28,30
06/28/2015 04:00:00 PM,43,23,20
06/28/2015 05:00:00 PM,34,21,13
06/28/2015 06:00:00 PM,30,15,15
06/28/2015 07:00:00 PM,25,19,6
06/28/2015 08:00:00 PM,16,8,8
06/28/2015 09:00:00 PM,14,9,5
06/28/2015 10:00:00 PM,1,1,0
06/28/2015 11:00:00 PM,2,1,1
06/29/2015 12:00:00 AM,5,3,2
06/29/2015 01:00:00 AM,4,2,2
06/29/2015 02:00:00 AM,1,0,1
06/29/2015 03:00:00 AM,4,2,2
06/29/2015 04:00:00 AM,6,1,5
06/29/2015 05:00:00 AM,26,5,21
06/29/2015 06:00:00 AM,98,17,81
06/29/2015 07:00:00 AM,166,18,148
06/29/2015 08:00:00 AM,153,19,134
06/29/2015 09:00:00 AM,67,11,56
06/29/2015 10:00:00 AM,40,11,29
06/29/2015 11:00:00 AM,19,10,9
06/29/2015 12:00:00 PM,24,14,10
06/29/2015 01:00:00 PM,22,5,17
06/29/2015 02:00:00 PM,46,27,19
06/29/2015 03:00:00 PM,46,32,14
06/29/2015 04:00:00 PM,118,98,20
06/29/2015 05:00:00 PM,212,179,33
06/29/2015 06:00:00 PM,163,137,26
06/29/2015 07:00:00 PM,75,43,32
06/29/2015 08:00:00 PM,44,33,11
06/29/2015 09:00:00 PM,24,17,7
06/29/2015 10:00:00 PM,10,5,5
06/29/2015 11:00:00 PM,6,5,1
06/30/2015 12:00:00 AM,8,5,3
06/30/2015 01:00:00 AM,7,3,4
06/30/2015 02:00:00 AM,1,0,1
06/30/2015 03:00:00 AM,3,1,2
06/30/2015 04:00:00 AM,8,3,5
06/30/2015 05:00:00 AM,29,9,20
06/30/2015 06:00:00 AM,104,28,76
06/30/2015 07:00:00 AM,181,30,151
06/30/2015 08:00:00 AM,155,18,137
06/30/2015 09:00:00 AM,75,14,61
06/30/2015 10:00:00 AM,33,14,19
06/30/2015 11:00:00 AM,27,10,17
06/30/2015 12:00:00 PM,37,19,18
06/30/2015 01:00:00 PM,37,18,19
06/30/2015 02:00:00 PM,45,31,14
06/30/2015 03:00:00 PM,45,29,16
06/30/2015 04:00:00 PM,133,100,33
06/30/2015 05:00:00 PM,205,179,26
06/30/2015 06:00:00 PM,160,135,25
06/30/2015 07:00:00 PM,85,53,32
06/30/2015 08:00:00 PM,45,32,13
06/30/2015 09:00:00 PM,31,18,13
06/30/2015 10:00:00 PM,13,10,3
06/30/2015 11:00:00 PM,8,6,2
07/01/2015 12:00:00 AM,4,2,2
07/01/2015 01:00:00 AM,2,0,2
07/01/2015 02:00:00 AM,3,2,1
07/01/2015 03:00:00 AM,2,0,2
07/01/2015 04:00:00 AM,6,2,4
07/01/2015 05:00:00 AM,25,7,18
07/01/2015 06:00:00 AM,90,12,78
07/01/2015 07:00:00 AM,181,19,162
07/01/2015 08:00:00 AM,178,21,157
07/01/2015 09:00:00 AM,79,19,60
07/01/2015 10:00:00 AM,36,13,23
07/01/2015 11:00:00 AM,31,11,20
07/01/2015 12:00:00 PM,40,27,13
07/01/2015 01:00:00 PM,23,12,11
07/01/2015 02:00:00 PM,34,23,11
07/01/2015 03:00:00 PM,54,32,22
07/01/2015 04:00:00 PM,138,115,23
07/01/2015 05:00:00 PM,207,172,35
07/01/2015 06:00:00 PM,150,126,24
07/01/2015 07:00:00 PM,77,63,14
07/01/2015 08:00:00 PM,52,35,17
07/01/2015 09:00:00 PM,35,22,13
07/01/2015 10:00:00 PM,15,6,9
07/01/2015 11:00:00 PM,5,5,0
07/02/2015 12:00:00 AM,10,8,2
07/02/2015 01:00:00 AM,2,2,0
07/02/2015 02:00:00 AM,3,2,1
07/02/2015 03:00:00 AM,2,1,1
07/02/2015 04:00:00 AM,7,1,6
07/02/2015 05:00:00 AM,33,6,27
07/02/2015 06:00:00 AM,77,20,57
07/02/2015 07:00:00 AM,167,22,145
07/02/2015 08:00:00 AM,140,18,122
07/02/2015 09:00:00 AM,69,14,55
07/02/2015 10:00:00 AM,34,9,25
07/02/2015 11:00:00 AM,24,11,13
07/02/2015 12:00:00 PM,49,28,21
07/02/2015 01:00:00 PM,36,18,18
07/02/2015 02:00:00 PM,52,36,16
07/02/2015 03:00:00 PM,80,51,29
07/02/2015 04:00:00 PM,112,87,25
07/02/2015 05:00:00 PM,153,132,21
07/02/2015 06:00:00 PM,88,71,17
07/02/2015 07:00:00 PM,59,44,15
07/02/2015 08:00:00 PM,34,23,11
07/02/2015 09:00:00 PM,19,10,9
07/02/2015 10:00:00 PM,12,8,4
07/02/2015 11:00:00 PM,9,6,3
07/03/2015 12:00:00 AM,8,5,3
07/03/2015 01:00:00 AM,4,3,1
07/03/2015 02:00:00 AM,3,3,0
07/03/2015 03:00:00 AM,2,0,2
07/03/2015 04:00:00 AM,7,4,3
07/03/2015 05:00:00 AM,15,2,13
07/03/2015 06:00:00 AM,19,5,14
07/03/2015 07:00:00 AM,65,21,44
07/03/2015 08:00:00 AM,74,38,36
07/03/2015 09:00:00 AM,75,29,46
07/03/2015 10:00:00 AM,68,42,26
07/03/2015 11:00:00 AM,78,39,39
07/03/2015 12:00:00 PM,82,49,33
07/03/2015 01:00:00 PM,81,43,38
07/03/2015 02:00:00 PM,55,29,26
07/03/2015 03:00:00 PM,78,39,39
07/03/2015 04:00:00 PM,60,35,25
07/03/2015 05:00:00 PM,55,29,26
07/03/2015 06:00:00 PM,39,22,17
07/03/2015 07:00:00 PM,24,17,7
07/03/2015 08:00:00 PM,25,11,14
07/03/2015 09:00:00 PM,15,6,9
07/03/2015 10:00:00 PM,18,11,7
07/03/2015 11:00:00 PM,12,6,6
07/04/2015 12:00:00 AM,8,6,2
07/04/2015 01:00:00 AM,1,0,1
07/04/2015 02:00:00 AM,0,0,0
07/04/2015 03:00:00 AM,4,2,2
07/04/2015 04:00:00 AM,0,0,0
07/04/2015 05:00:00 AM,7,2,5
07/04/2015 06:00:00 AM,19,9,10
07/04/2015 07:00:00 AM,39,11,28
07/04/2015 08:00:00 AM,67,39,28
07/04/2015 09:00:00 AM,67,30,37
07/04/2015 10:00:00 AM,67,36,31
07/04/2015 11:00:00 AM,72,40,32
07/04/2015 12:00:00 PM,65,34,31
07/04/2015 01:00:00 PM,62,32,30
07/04/2015 02:00:00 PM,53,28,25
07/04/2015 03:00:00 PM,49,29,20
07/04/2015 04:00:00 PM,47,22,25
07/04/2015 05:00:00 PM,45,21,24
07/04/2015 06:00:00 PM,40,24,16
07/04/2015 07:00:00 PM,21,9,12
07/04/2015 08:00:00 PM,21,10,11
07/04/2015 09:00:00 PM,18,6,12
07/04/2015 10:00:00 PM,11,6,5
07/04/2015 11:00:00 PM,25,19,6
07/05/2015 12:00:00 AM,16,3,13
07/05/2015 01:00:00 AM,6,5,1
07/05/2015 02:00:00 AM,5,3,2
07/05/2015 03:00:00 AM,5,3,2
07/05/2015 04:00:00 AM,1,1,0
07/05/2015 05:00:00 AM,7,0,7
07/05/2015 06:00:00 AM,11,4,7
07/05/2015 07:00:00 AM,24,10,14
07/05/2015 08:00:00 AM,46,19,27
07/05/2015 09:00:00 AM,43,19,24
07/05/2015 10:00:00 AM,61,33,28
07/05/2015 11:00:00 AM,80,39,41
07/05/2015 12:00:00 PM,66,33,33
07/05/2015 01:00:00 PM,71,42,29
07/05/2015 02:00:00 PM,51,17,34
07/05/2015 03:00:00 PM,60,25,35
07/05/2015 04:00:00 PM,40,18,22
07/05/2015 05:00:00 PM,36,21,15
07/05/2015 06:00:00 PM,33,17,16
07/05/2015 07:00:00 PM,15,5,10
07/05/2015 08:00:00 PM,26,12,14
07/05/2015 09:00:00 PM,6,2,4
07/05/2015 10:00:00 PM,4,3,1
07/05/2015 11:00:00 PM,2,1,1
07/06/2015 12:00:00 AM,1,1,0
07/06/2015 01:00:00 AM,0,0,0
07/06/2015 02:00:00 AM,2,0,2
07/06/2015 03:00:00 AM,2,1,1
07/06/2015 04:00:00 AM,6,0,6
07/06/2015 05:00:00 AM,23,2,21
07/06/2015 06:00:00 AM,88,10,78
07/06/2015 07:00:00 AM,151,16,135
07/06/2015 08:00:00 AM,145,21,124
07/06/2015 09:00:00 AM,71,12,59
07/06/2015 10:00:00 AM,23,7,16
07/06/2015 11:00:00 AM,36,16,20
07/06/2015 12:00:00 PM,38,22,16
07/06/2015 01:00:00 PM,32,17,15
07/06/2015 02:00:00 PM,26,15,11
07/06/2015 03:00:00 PM,55,39,16
07/06/2015 04:00:00 PM,106,83,23
07/06/2015 05:00:00 PM,198,167,31
07/06/2015 06:00:00 PM,141,122,19
07/06/2015 07:00:00 PM,44,34,10
07/06/2015 08:00:00 PM,22,15,7
07/06/2015 09:00:00 PM,25,19,6
07/06/2015 10:00:00 PM,11,8,3
07/06/2015 11:00:00 PM,7,5,2
07/07/2015 12:00:00 AM,4,4,0
07/07/2015 01:00:00 AM,2,1,1
07/07/2015 02:00:00 AM,2,0,2
07/07/2015 03:00:00 AM,1,0,1
07/07/2015 04:00:00 AM,5,1,4
07/07/2015 05:00:00 AM,37,4,33
07/07/2015 06:00:00 AM,114,20,94
07/07/2015 07:00:00 AM,188,23,165
07/07/2015 08:00:00 AM,178,19,159
07/07/2015 09:00:00 AM,66,10,56
07/07/2015 10:00:00 AM,39,11,28
07/07/2015 11:00:00 AM,23,13,10
07/07/2015 12:00:00 PM,39,20,19
07/07/2015 01:00:00 PM,32,19,13
07/07/2015 02:00:00 PM,29,16,13
07/07/2015 03:00:00 PM,74,50,24
07/07/2015 04:00:00 PM,128,103,25
07/07/2015 05:00:00 PM,231,203,28
07/07/2015 06:00:00 PM,146,122,24
07/07/2015 07:00:00 PM,59,44,15
07/07/2015 08:00:00 PM,35,22,13
07/07/2015 09:00:00 PM,23,17,6
07/07/2015 10:00:00 PM,17,15,2
07/07/2015 11:00:00 PM,11,9,2
07/08/2015 12:00:00 AM,2,2,0
07/08/2015 01:00:00 AM,3,2,1
07/08/2015 02:00:00 AM,4,2,2
07/08/2015 03:00:00 AM,2,1,1
07/08/2015 04:00:00 AM,7,0,7
07/08/2015 05:00:00 AM,29,4,25
07/08/2015 06:00:00 AM,101,17,84
07/08/2015 07:00:00 AM,168,18,150
07/08/2015 08:00:00 AM,161,10,151
07/08/2015 09:00:00 AM,90,17,73
07/08/2015 10:00:00 AM,37,13,24
07/08/2015 11:00:00 AM,38,16,22
07/08/2015 12:00:00 PM,30,11,19
07/08/2015 01:00:00 PM,48,18,30
07/08/2015 02:00:00 PM,42,26,16
07/08/2015 03:00:00 PM,74,56,18
07/08/2015 04:00:00 PM,154,114,40
07/08/2015 05:00:00 PM,211,180,31
07/08/2015 06:00:00 PM,137,118,19
07/08/2015 07:00:00 PM,86,62,24
07/08/2015 08:00:00 PM,58,27,31
07/08/2015 09:00:00 PM,25,19,6
07/08/2015 10:00:00 PM,17,12,5
07/08/2015 11:00:00 PM,9,8,1
07/09/2015 12:00:00 AM,3,3,0
07/09/2015 01:00:00 AM,1,0,1
07/09/2015 02:00:00 AM,2,1,1
07/09/2015 03:00:00 AM,2,1,1
07/09/2015 04:00:00 AM,9,1,8
07/09/2015 05:00:00 AM,24,5,19
07/09/2015 06:00:00 AM,91,12,79
07/09/2015 07:00:00 AM,145,11,134
07/09/2015 08:00:00 AM,168,24,144
07/09/2015 09:00:00 AM,75,7,68
07/09/2015 10:00:00 AM,36,11,25
07/09/2015 11:00:00 AM,18,8,10
07/09/2015 12:00:00 PM,40,16,24
07/09/2015 01:00:00 PM,36,19,17
07/09/2015 02:00:00 PM,30,19,11
07/09/2015 03:00:00 PM,54,36,18
07/09/2015 04:00:00 PM,121,94,27
07/09/2015 05:00:00 PM,176,147,29
07/09/2015 06:00:00 PM,147,122,25
07/09/2015 07:00:00 PM,74,56,18
07/09/2015 08:00:00 PM,40,31,9
07/09/2015 09:00:00 PM,25,17,8
07/09/2015 10:00:00 PM,15,13,2
07/09/2015 11:00:00 PM,7,7,0
07/10/2015 12:00:00 AM,5,3,2
07/10/2015 01:00:00 AM,3,1,2
07/10/2015 02:00:00 AM,2,0,2
07/10/2015 03:00:00 AM,4,3,1
07/10/2015 04:00:00 AM,8,3,5
07/10/2015 05:00:00 AM,25,8,17
07/10/2015 06:00:00 AM,72,8,64
07/10/2015 07:00:00 AM,127,15,112
07/10/2015 08:00:00 AM,138,22,116
07/10/2015 09:00:00 AM,48,9,39
07/10/2015 10:00:00 AM,22,7,15
07/10/2015 11:00:00 AM,26,9,17
07/10/2015 12:00:00 PM,30,13,17
07/10/2015 01:00:00 PM,19,7,12
07/10/2015 02:00:00 PM,30,19,11
07/10/2015 03:00:00 PM,57,39,18
07/10/2015 04:00:00 PM,105,88,17
07/10/2015 05:00:00 PM,147,128,19
07/10/2015 06:00:00 PM,83,68,15
07/10/2015 07:00:00 PM,44,36,8
07/10/2015 08:00:00 PM,29,22,7
07/10/2015 09:00:00 PM,14,9,5
07/10/2015 10:00:00 PM,19,11,8
07/10/2015 11:00:00 PM,15,9,6
07/11/2015 12:00:00 AM,11,3,8
07/11/2015 01:00:00 AM,3,2,1
07/11/2015 02:00:00 AM,3,3,0
07/11/2015 03:00:00 AM,0,0,0
07/11/2015 04:00:00 AM,10,7,3
07/11/2015 05:00:00 AM,28,9,19
07/11/2015 06:00:00 AM,15,5,10
07/11/2015 07:00:00 AM,19,1,18
07/11/2015 08:00:00 AM,45,23,22
07/11/2015 09:00:00 AM,47,22,25
07/11/2015 10:00:00 AM,43,15,28
07/11/2015 11:00:00 AM,49,26,23
07/11/2015 12:00:00 PM,43,20,23
07/11/2015 01:00:00 PM,59,27,32
07/11/2015 02:00:00 PM,54,32,22
07/11/2015 03:00:00 PM,59,30,29
07/11/2015 04:00:00 PM,48,26,22
07/11/2015 05:00:00 PM,40,24,16
07/11/2015 06:00:00 PM,24,14,10
07/11/2015 07:00:00 PM,17,12,5
07/11/2015 08:00:00 PM,14,12,2
07/11/2015 09:00:00 PM,14,8,6
07/11/2015 10:00:00 PM,21,15,6
07/11/2015 11:00:00 PM,10,3,7
07/12/2015 12:00:00 AM,7,3,4
07/12/2015 01:00:00 AM,1,1,0
07/12/2015 02:00:00 AM,2,2,0
07/12/2015 03:00:00 AM,3,2,1
07/12/2015 04:00:00 AM,4,1,3
07/12/2015 05:00:00 AM,4,0,4
07/12/2015 06:00:00 AM,6,1,5
07/12/2015 07:00:00 AM,25,10,15
07/12/2015 08:00:00 AM,38,14,24
07/12/2015 09:00:00 AM,34,14,20
07/12/2015 10:00:00 AM,45,19,26
07/12/2015 11:00:00 AM,50,23,27
07/12/2015 12:00:00 PM,61,31,30
07/12/2015 01:00:00 PM,76,41,35
07/12/2015 02:00:00 PM,69,33,36
07/12/2015 03:00:00 PM,67,39,28
07/12/2015 04:00:00 PM,47,22,25
07/12/2015 05:00:00 PM,52,25,27
07/12/2015 06:00:00 PM,29,22,7
07/12/2015 07:00:00 PM,21,10,11
07/12/2015 08:00:00 PM,20,6,14
07/12/2015 09:00:00 PM,12,9,3
07/12/2015 10:00:00 PM,9,7,2
07/12/2015 11:00:00 PM,4,4,0
07/13/2015 12:00:00 AM,2,2,0
07/13/2015 01:00:00 AM,2,1,1
07/13/2015 02:00:00 AM,2,1,1
07/13/2015 03:00:00 AM,4,2,2
07/13/2015 04:00:00 AM,7,1,6
07/13/2015 05:00:00 AM,25,3,22
07/13/2015 06:00:00 AM,77,15,62
07/13/2015 07:00:00 AM,153,18,135
07/13/2015 08:00:00 AM,137,14,123
07/13/2015 09:00:00 AM,40,5,35
07/13/2015 10:00:00 AM,40,6,34
07/13/2015 11:00:00 AM,15,5,10
07/13/2015 12:00:00 PM,16,12,4
07/13/2015 01:00:00 PM,33,18,15
07/13/2015 02:00:00 PM,28,15,13
07/13/2015 03:00:00 PM,49,39,10
07/13/2015 04:00:00 PM,93,74,19
07/13/2015 05:00:00 PM,186,161,25
07/13/2015 06:00:00 PM,110,94,16
07/13/2015 07:00:00 PM,67,51,16
07/13/2015 08:00:00 PM,29,19,10
07/13/2015 09:00:00 PM,32,18,14
07/13/2015 10:00:00 PM,12,10,2
07/13/2015 11:00:00 PM,6,4,2
07/14/2015 12:00:00 AM,2,1,1
07/14/2015 01:00:00 AM,4,3,1
07/14/2015 02:00:00 AM,5,4,1
07/14/2015 03:00:00 AM,3,3,0
07/14/2015 04:00:00 AM,5,1,4
07/14/2015 05:00:00 AM,35,7,28
07/14/2015 06:00:00 AM,83,15,68
07/14/2015 07:00:00 AM,193,20,173
07/14/2015 08:00:00 AM,148,19,129
07/14/2015 09:00:00 AM,68,8,60
07/14/2015 10:00:00 AM,39,8,31
07/14/2015 11:00:00 AM,21,12,9
07/14/2015 12:00:00 PM,28,14,14
07/14/2015 01:00:00 PM,32,21,11
07/14/2015 02:00:00 PM,31,21,10
07/14/2015 03:00:00 PM,58,40,18
07/14/2015 04:00:00 PM,133,105,28
07/14/2015 05:00:00 PM,218,185,33
07/14/2015 06:00:00 PM,139,116,23
07/14/2015 07:00:00 PM,71,58,13
07/14/2015 08:00:00 PM,39,23,16
07/14/2015 09:00:00 PM,26,19,7
07/14/2015 10:00:00 PM,18,14,4
07/14/2015 11:00:00 PM,8,4,4
07/15/2015 12:00:00 AM,5,5,0
07/15/2015 01:00:00 AM,3,2,1
07/15/2015 02:00:00 AM,1,0,1
07/15/2015 03:00:00 AM,3,2,1
07/15/2015 04:00:00 AM,8,2,6
07/15/2015 05:00:00 AM,28,7,21
07/15/2015 06:00:00 AM,90,14,76
07/15/2015 07:00:00 AM,190,22,168
07/15/2015 08:00:00 AM,151,15,136
07/15/2015 09:00:00 AM,59,10,49
07/15/2015 10:00:00 AM,43,18,25
07/15/2015 11:00:00 AM,45,16,29
07/15/2015 12:00:00 PM,33,21,12
07/15/2015 01:00:00 PM,47,29,18
07/15/2015 02:00:00 PM,30,18,12
07/15/2015 03:00:00 PM,45,31,14
07/15/2015 04:00:00 PM,139,99,40
07/15/2015 05:00:00 PM,202,171,31
07/15/2015 06:00:00 PM,146,127,19
07/15/2015 07:00:00 PM,63,46,17
07/15/2015 08:00:00 PM,47,30,17
07/15/2015 09:00:00 PM,31,18,13
07/15/2015 10:00:00 PM,12,6,6
07/15/2015 11:00:00 PM,9,9,0
07/16/2015 12:00:00 AM,2,0,2
07/16/2015 01:00:00 AM,3,2,1
07/16/2015 02:00:00 AM,3,1,2
07/16/2015 03:00:00 AM,1,1,0
07/16/2015 04:00:00 AM,6,2,4
07/16/2015 05:00:00 AM,30,2,28
07/16/2015 06:00:00 AM,91,13,78
07/16/2015 07:00:00 AM,146,19,127
07/16/2015 08:00:00 AM,164,24,140
07/16/2015 09:00:00 AM,73,11,62
07/16/2015 10:00:00 AM,29,10,19
07/16/2015 11:00:00 AM,29,11,18
07/16/2015 12:00:00 PM,29,17,12
07/16/2015 01:00:00 PM,37,24,13
07/16/2015 02:00:00 PM,38,18,20
07/16/2015 03:00:00 PM,66,43,23
07/16/2015 04:00:00 PM,112,85,27
07/16/2015 05:00:00 PM,184,157,27
07/16/2015 06:00:00 PM,131,105,26
07/16/2015 07:00:00 PM,79,61,18
07/16/2015 08:00:00 PM,29,21,8
07/16/2015 09:00:00 PM,24,18,6
07/16/2015 10:00:00 PM,14,11,3
07/16/2015 11:00:00 PM,9,7,2
07/17/2015 12:00:00 AM,12,8,4
07/17/2015 01:00:00 AM,5,4,1
07/17/2015 02:00:00 AM,3,2,1
07/17/2015 03:00:00 AM,0,0,0
07/17/2015 04:00:00 AM,4,1,3
07/17/2015 05:00:00 AM,30,6,24
07/17/2015 06:00:00 AM,83,13,70
07/17/2015 07:00:00 AM,145,12,133
07/17/2015 08:00:00 AM,134,14,120
07/17/2015 09:00:00 AM,58,10,48
07/17/2015 10:00:00 AM,23,9,14
07/17/2015 11:00:00 AM,26,11,15
07/17/2015 12:00:00 PM,29,17,12
07/17/2015 01:00:00 PM,43,22,21
07/17/2015 02:00:00 PM,46,29,17
07/17/2015 03:00:00 PM,72,45,27
07/17/2015 04:00:00 PM,117,89,28
07/17/2015 05:00:00 PM,151,126,25
07/17/2015 06:00:00 PM,107,85,22
07/17/2015 07:00:00 PM,46,33,13
07/17/2015 08:00:00 PM,37,24,13
07/17/2015 09:00:00 PM,10,6,4
07/17/2015 10:00:00 PM,17,12,5
07/17/2015 11:00:00 PM,10,5,5
07/18/2015 12:00:00 AM,11,8,3
07/18/2015 01:00:00 AM,5,4,1
07/18/2015 02:00:00 AM,6,6,0
07/18/2015 03:00:00 AM,3,0,3
07/18/2015 04:00:00 AM,5,2,3
07/18/2015 05:00:00 AM,9,2,7
07/18/2015 06:00:00 AM,17,5,12
07/18/2015 07:00:00 AM,45,11,34
07/18/2015 08:00:00 AM,49,21,28
07/18/2015 09:00:00 AM,63,34,29
07/18/2015 10:00:00 AM,60,39,21
07/18/2015 11:00:00 AM,74,31,43
07/18/2015 12:00:00 PM,65,33,32
07/18/2015 01:00:00 PM,90,47,43
07/18/2015 02:00:00 PM,59,27,32
07/18/2015 03:00:00 PM,67,30,37
07/18/2015 04:00:00 PM,57,38,19
07/18/2015 05:00:00 PM,52,27,25
07/18/2015 06:00:00 PM,49,19,30
07/18/2015 07:00:00 PM,42,23,19
07/18/2015 08:00:00 PM,20,7,13
07/18/2015 09:00:00 PM,21,15,6
07/18/2015 10:00:00 PM,22,13,9
07/18/2015 11:00:00 PM,7,6,1
07/19/2015 12:00:00 AM,6,5,1
07/19/2015 01:00:00 AM,6,3,3
07/19/2015 02:00:00 AM,1,1,0
07/19/2015 03:00:00 AM,0,0,0
07/19/2015 04:00:00 AM,2,2,0
07/19/2015 05:00:00 AM,8,2,6
07/19/2015 06:00:00 AM,14,8,6
07/19/2015 07:00:00 AM,27,12,15
07/19/2015 08:00:00 AM,36,14,22
07/19/2015 09:00:00 AM,61,28,33
07/19/2015 10:00:00 AM,85,42,43
07/19/2015 11:00:00 AM,67,28,39
07/19/2015 12:00:00 PM,80,45,35
07/19/2015 01:00:00 PM,80,34,46
07/19/2015 02:00:00 PM,48,28,20
07/19/2015 03:00:00 PM,41,23,18
07/19/2015 04:00:00 PM,50,29,21
07/19/2015 05:00:00 PM,39,18,21
07/19/2015 06:00:00 PM,31,17,14
07/19/2015 07:00:00 PM,22,13,9
07/19/2015 08:00:00 PM,21,9,12
07/19/2015 09:00:00 PM,7,4,3
07/19/2015 10:00:00 PM,8,4,4
07/19/2015 11:00:00 PM,4,2,2
07/20/2015 12:00:00 AM,1,0,1
07/20/2015 01:00:00 AM,4,3,1
07/20/2015 02:00:00 AM,4,3,1
07/20/2015 03:00:00 AM,1,1,0
07/20/2015 04:00:00 AM,6,2,4
07/20/2015 05:00:00 AM,19,6,13
07/20/2015 06:00:00 AM,78,13,65
07/20/2015 07:00:00 AM,152,16,136
07/20/2015 08:00:00 AM,156,22,134
07/20/2015 09:00:00 AM,45,9,36
07/20/2015 10:00:00 AM,28,8,20
07/20/2015 11:00:00 AM,25,9,16
07/20/2015 12:00:00 PM,28,18,10
07/20/2015 01:00:00 PM,20,7,13
07/20/2015 02:00:00 PM,37,18,19
07/20/2015 03:00:00 PM,46,32,14
07/20/2015 04:00:00 PM,107,82,25
07/20/2015 05:00:00 PM,196,171,25
07/20/2015 06:00:00 PM,130,115,15
07/20/2015 07:00:00 PM,59,43,16
07/20/2015 08:00:00 PM,38,27,11
07/20/2015 09:00:00 PM,14,9,5
07/20/2015 10:00:00 PM,11,6,5
07/20/2015 11:00:00 PM,9,7,2
07/21/2015 12:00:00 AM,2,1,1
07/21/2015 01:00:00 AM,4,4,0
07/21/2015 02:00:00 AM,4,1,3
07/21/2015 03:00:00 AM,1,1,0
07/21/2015 04:00:00 AM,7,2,5
07/21/2015 05:00:00 AM,26,4,22
07/21/2015 06:00:00 AM,55,9,46
07/21/2015 07:00:00 AM,144,18,126
07/21/2015 08:00:00 AM,118,13,105
07/21/2015 09:00:00 AM,44,10,34
07/21/2015 10:00:00 AM,29,7,22
07/21/2015 11:00:00 AM,19,6,13
07/21/2015 12:00:00 PM,26,12,14
07/21/2015 01:00:00 PM,24,7,17
07/21/2015 02:00:00 PM,25,14,11
07/21/2015 03:00:00 PM,44,31,13
07/21/2015 04:00:00 PM,80,63,17
07/21/2015 05:00:00 PM,157,134,23
07/21/2015 06:00:00 PM,122,101,21
07/21/2015 07:00:00 PM,69,48,21
07/21/2015 08:00:00 PM,35,24,11
07/21/2015 09:00:00 PM,22,15,7
07/21/2015 10:00:00 PM,7,5,2
07/21/2015 11:00:00 PM,8,7,1
07/22/2015 12:00:00 AM,0,0,0
07/22/2015 01:00:00 AM,2,1,1
07/22/2015 02:00:00 AM,3,2,1
07/22/2015 03:00:00 AM,3,3,0
07/22/2015 04:00:00 AM,5,1,4
07/22/2015 05:00:00 AM,31,4,27
07/22/2015 06:00:00 AM,88,9,79
07/22/2015 07:00:00 AM,178,11,167
07/22/2015 08:00:00 AM,160,25,135
07/22/2015 09:00:00 AM,66,12,54
07/22/2015 10:00:00 AM,36,11,25
07/22/2015 11:00:00 AM,36,14,22
07/22/2015 12:00:00 PM,37,20,17
07/22/2015 01:00:00 PM,32,14,18
07/22/2015 02:00:00 PM,33,23,10
07/22/2015 03:00:00 PM,73,48,25
07/22/2015 04:00:00 PM,117,95,22
07/22/2015 05:00:00 PM,200,171,29
07/22/2015 06:00:00 PM,165,135,30
07/22/2015 07:00:00 PM,72,58,14
07/22/2015 08:00:00 PM,43,25,18
07/22/2015 09:00:00 PM,21,16,5
07/22/2015 10:00:00 PM,9,7,2
07/22/2015 11:00:00 PM,7,3,4
07/23/2015 12:00:00 AM,4,3,1
07/23/2015 01:00:00 AM,0,0,0
07/23/2015 02:00:00 AM,1,1,0
07/23/2015 03:00:00 AM,2,1,1
07/23/2015 04:00:00 AM,4,1,3
07/23/2015 05:00:00 AM,31,5,26
07/23/2015 06:00:00 AM,85,10,75
07/23/2015 07:00:00 AM,182,21,161
07/23/2015 08:00:00 AM,132,15,117
07/23/2015 09:00:00 AM,63,11,52
07/23/2015 10:00:00 AM,27,7,20
07/23/2015 11:00:00 AM,19,7,12
07/23/2015 12:00:00 PM,40,19,21
07/23/2015 01:00:00 PM,29,15,14
07/23/2015 02:00:00 PM,44,28,16
07/23/2015 03:00:00 PM,64,45,19
07/23/2015 04:00:00 PM,102,77,25
07/23/2015 05:00:00 PM,189,158,31
07/23/2015 06:00:00 PM,121,103,18
07/23/2015 07:00:00 PM,65,47,18
07/23/2015 08:00:00 PM,33,22,11
07/23/2015 09:00:00 PM,14,11,3
07/23/2015 10:00:00 PM,23,18,5
07/23/2015 11:00:00 PM,6,6,0
07/24/2015 12:00:00 AM,1,1,0
07/24/2015 01:00:00 AM,4,4,0
07/24/2015 02:00:00 AM,3,2,1
07/24/2015 03:00:00 AM,6,1,5
07/24/2015 04:00:00 AM,3,2,1
07/24/2015 05:00:00 AM,18,4,14
07/24/2015 06:00:00 AM,73,9,64
07/24/2015 07:00:00 AM,128,11,117
07/24/2015 08:00:00 AM,104,24,80
07/24/2015 09:00:00 AM,44,8,36
07/24/2015 10:00:00 AM,23,7,16
07/24/2015 11:00:00 AM,13,3,10
07/24/2015 12:00:00 PM,23,7,16
07/24/2015 01:00:00 PM,32,15,17
07/24/2015 02:00:00 PM,33,22,11
07/24/2015 03:00:00 PM,55,35,20
07/24/2015 04:00:00 PM,98,77,21
07/24/2015 05:00:00 PM,120,105,15
07/24/2015 06:00:00 PM,73,54,19
07/24/2015 07:00:00 PM,41,34,7
07/24/2015 08:00:00 PM,25,16,9
07/24/2015 09:00:00 PM,15,12,3
07/24/2015 10:00:00 PM,9,7,2
07/24/2015 11:00:00 PM,11,9,2
07/25/2015 12:00:00 AM,11,8,3
07/25/2015 01:00:00 AM,3,3,0
07/25/2015 02:00:00 AM,0,0,0
07/25/2015 03:00:00 AM,1,0,1
07/25/2015 04:00:00 AM,0,0,0
07/25/2015 05:00:00 AM,4,2,2
07/25/2015 06:00:00 AM,9,1,8
07/25/2015 07:00:00 AM,9,4,5
07/25/2015 08:00:00 AM,32,9,23
07/25/2015 09:00:00 AM,41,22,19
07/25/2015 10:00:00 AM,42,15,27
07/25/2015 11:00:00 AM,46,12,34
07/25/2015 12:00:00 PM,33,20,13
07/25/2015 01:00:00 PM,36,13,23
07/25/2015 02:00:00 PM,37,24,13
07/25/2015 03:00:00 PM,42,24,18
07/25/2015 04:00:00 PM,22,11,11
07/25/2015 05:00:00 PM,33,21,12
07/25/2015 06:00:00 PM,24,12,12
07/25/2015 07:00:00 PM,28,18,10
07/25/2015 08:00:00 PM,8,7,1
07/25/2015 09:00:00 PM,6,6,0
07/25/2015 10:00:00 PM,4,4,0
07/25/2015 11:00:00 PM,5,4,1
07/26/2015 12:00:00 AM,7,3,4
07/26/2015 01:00:00 AM,3,3,0
07/26/2015 02:00:00 AM,0,0,0
07/26/2015 03:00:00 AM,2,2,0
07/26/2015 04:00:00 AM,2,1,1
07/26/2015 05:00:00 AM,6,3,3
07/26/2015 06:00:00 AM,11,5,6
07/26/2015 07:00:00 AM,18,7,11
07/26/2015 08:00:00 AM,29,7,22
07/26/2015 09:00:00 AM,34,13,21
07/26/2015 10:00:00 AM,40,20,20
07/26/2015 11:00:00 AM,42,22,20
07/26/2015 12:00:00 PM,44,25,19
07/26/2015 01:00:00 PM,47,22,25
07/26/2015 02:00:00 PM,54,27,27
07/26/2015 03:00:00 PM,43,19,24
07/26/2015 04:00:00 PM,29,18,11
07/26/2015 05:00:00 PM,13,10,3
07/26/2015 06:00:00 PM,11,7,4
07/26/2015 07:00:00 PM,13,9,4
07/26/2015 08:00:00 PM,3,3,0
07/26/2015 09:00:00 PM,8,6,2
07/26/2015 10:00:00 PM,2,1,1
07/26/2015 11:00:00 PM,2,1,1
07/27/2015 12:00:00 AM,1,0,1
07/27/2015 01:00:00 AM,0,0,0
07/27/2015 02:00:00 AM,1,1,0
07/27/2015 03:00:00 AM,1,0,1
07/27/2015 04:00:00 AM,7,1,6
07/27/2015 05:00:00 AM,25,5,20
07/27/2015 06:00:00 AM,76,13,63
07/27/2015 07:00:00 AM,144,16,128
07/27/2015 08:00:00 AM,138,19,119
07/27/2015 09:00:00 AM,52,6,46
07/27/2015 10:00:00 AM,26,8,18
07/27/2015 11:00:00 AM,33,11,22
07/27/2015 12:00:00 PM,34,15,19
07/27/2015 01:00:00 PM,25,12,13
07/27/2015 02:00:00 PM,35,17,18
07/27/2015 03:00:00 PM,51,34,17
07/27/2015 04:00:00 PM,109,86,23
07/27/2015 05:00:00 PM,178,157,21
07/27/2015 06:00:00 PM,116,100,16
07/27/2015 07:00:00 PM,67,53,14
07/27/2015 08:00:00 PM,23,14,9
07/27/2015 09:00:00 PM,17,12,5
07/27/2015 10:00:00 PM,10,4,6
07/27/2015 11:00:00 PM,9,6,3
07/28/2015 12:00:00 AM,3,2,1
07/28/2015 01:00:00 AM,5,3,2
07/28/2015 02:00:00 AM,3,1,2
07/28/2015 03:00:00 AM,4,4,0
07/28/2015 04:00:00 AM,3,1,2
07/28/2015 05:00:00 AM,31,5,26
07/28/2015 06:00:00 AM,100,10,90
07/28/2015 07:00:00 AM,182,18,164
07/28/2015 08:00:00 AM,170,25,145
07/28/2015 09:00:00 AM,72,16,56
07/28/2015 10:00:00 AM,36,7,29
07/28/2015 11:00:00 AM,33,11,22
07/28/2015 12:00:00 PM,25,11,14
07/28/2015 01:00:00 PM,33,15,18
07/28/2015 02:00:00 PM,30,24,6
07/28/2015 03:00:00 PM,69,45,24
07/28/2015 04:00:00 PM,127,95,32
07/28/2015 05:00:00 PM,192,171,21
07/28/2015 06:00:00 PM,185,154,31
07/28/2015 07:00:00 PM,91,68,23
07/28/2015 08:00:00 PM,38,21,17
07/28/2015 09:00:00 PM,43,27,16
07/28/2015 10:00:00 PM,19,16,3
07/28/2015 11:00:00 PM,8,5,3
07/29/2015 12:00:00 AM,0,0,0
07/29/2015 01:00:00 AM,3,0,3
07/29/2015 02:00:00 AM,1,0,1
07/29/2015 03:00:00 AM,2,1,1
07/29/2015 04:00:00 AM,7,1,6
07/29/2015 05:00:00 AM,33,7,26
07/29/2015 06:00:00 AM,106,14,92
07/29/2015 07:00:00 AM,117,15,102
07/29/2015 08:00:00 AM,231,27,204
07/29/2015 09:00:00 AM,81,15,66
07/29/2015 10:00:00 AM,48,11,37
07/29/2015 11:00:00 AM,32,22,10
07/29/2015 12:00:00 PM,38,9,29
07/29/2015 01:00:00 PM,56,24,32
07/29/2015 02:00:00 PM,45,30,15
07/29/2015 03:00:00 PM,63,46,17
07/29/2015 04:00:00 PM,116,92,24
07/29/2015 05:00:00 PM,223,191,32
07/29/2015 06:00:00 PM,152,120,32
07/29/2015 07:00:00 PM,102,72,30
07/29/2015 08:00:00 PM,40,29,11
07/29/2015 09:00:00 PM,24,12,12
07/29/2015 10:00:00 PM,16,9,7
07/29/2015 11:00:00 PM,12,7,5
07/30/2015 12:00:00 AM,2,2,0
07/30/2015 01:00:00 AM,3,1,2
07/30/2015 02:00:00 AM,2,1,1
07/30/2015 03:00:00 AM,3,2,1
07/30/2015 04:00:00 AM,8,1,7
07/30/2015 05:00:00 AM,31,10,21
07/30/2015 06:00:00 AM,81,5,76
07/30/2015 07:00:00 AM,166,15,151
07/30/2015 08:00:00 AM,170,22,148
07/30/2015 09:00:00 AM,76,19,57
07/30/2015 10:00:00 AM,38,17,21
07/30/2015 11:00:00 AM,30,7,23
07/30/2015 12:00:00 PM,36,23,13
07/30/2015 01:00:00 PM,37,18,19
07/30/2015 02:00:00 PM,31,17,14
07/30/2015 03:00:00 PM,61,41,20
07/30/2015 04:00:00 PM,96,77,19
07/30/2015 05:00:00 PM,174,153,21
07/30/2015 06:00:00 PM,132,114,18
07/30/2015 07:00:00 PM,77,57,20
07/30/2015 08:00:00 PM,41,23,18
07/30/2015 09:00:00 PM,33,21,12
07/30/2015 10:00:00 PM,23,12,11
07/30/2015 11:00:00 PM,5,5,0
07/31/2015 12:00:00 AM,6,6,0
07/31/2015 01:00:00 AM,6,3,3
07/31/2015 02:00:00 AM,3,1,2
07/31/2015 03:00:00 AM,4,1,3
07/31/2015 04:00:00 AM,3,1,2
07/31/2015 05:00:00 AM,28,4,24
07/31/2015 06:00:00 AM,69,5,64
07/31/2015 07:00:00 AM,121,15,106
07/31/2015 08:00:00 AM,120,13,107
07/31/2015 09:00:00 AM,60,11,49
07/31/2015 10:00:00 AM,46,18,28
07/31/2015 11:00:00 AM,40,15,25
07/31/2015 12:00:00 PM,39,19,20
07/31/2015 01:00:00 PM,41,25,16
07/31/2015 02:00:00 PM,36,20,16
07/31/2015 03:00:00 PM,71,52,19
07/31/2015 04:00:00 PM,121,100,21
07/31/2015 05:00:00 PM,146,124,22
07/31/2015 06:00:00 PM,71,55,16
07/31/2015 07:00:00 PM,50,33,17
07/31/2015 08:00:00 PM,24,17,7
07/31/2015 09:00:00 PM,18,11,7
07/31/2015 10:00:00 PM,7,7,0
07/31/2015 11:00:00 PM,8,7,1
08/01/2015 12:00:00 AM,9,5,4
08/01/2015 01:00:00 AM,7,3,4
08/01/2015 02:00:00 AM,1,1,0
08/01/2015 03:00:00 AM,1,0,1
08/01/2015 04:00:00 AM,2,1,1
08/01/2015 05:00:00 AM,8,2,6
08/01/2015 06:00:00 AM,20,6,14
08/01/2015 07:00:00 AM,24,9,15
08/01/2015 08:00:00 AM,35,19,16
08/01/2015 09:00:00 AM,56,22,34
08/01/2015 10:00:00 AM,73,32,41
08/01/2015 11:00:00 AM,80,37,43
08/01/2015 12:00:00 PM,78,33,45
08/01/2015 01:00:00 PM,59,32,27
08/01/2015 02:00:00 PM,81,44,37
08/01/2015 03:00:00 PM,79,42,37
08/01/2015 04:00:00 PM,43,28,15
08/01/2015 05:00:00 PM,65,38,27
08/01/2015 06:00:00 PM,35,18,17
08/01/2015 07:00:00 PM,23,12,11
08/01/2015 08:00:00 PM,16,10,6
08/01/2015 09:00:00 PM,21,17,4
08/01/2015 10:00:00 PM,8,7,1
08/01/2015 11:00:00 PM,7,6,1
08/02/2015 12:00:00 AM,5,3,2
08/02/2015 01:00:00 AM,2,1,1
08/02/2015 02:00:00 AM,4,2,2
08/02/2015 03:00:00 AM,2,2,0
08/02/2015 04:00:00 AM,8,2,6
08/02/2015 05:00:00 AM,7,2,5
08/02/2015 06:00:00 AM,9,1,8
08/02/2015 07:00:00 AM,34,16,18
08/02/2015 08:00:00 AM,53,27,26
08/02/2015 09:00:00 AM,45,19,26
08/02/2015 10:00:00 AM,81,31,50
08/02/2015 11:00:00 AM,54,26,28
08/02/2015 12:00:00 PM,69,31,38
08/02/2015 01:00:00 PM,48,25,23
08/02/2015 02:00:00 PM,75,42,33
08/02/2015 03:00:00 PM,77,43,34
08/02/2015 04:00:00 PM,63,33,30
08/02/2015 05:00:00 PM,44,21,23
08/02/2015 06:00:00 PM,46,30,16
08/02/2015 07:00:00 PM,21,10,11
08/02/2015 08:00:00 PM,23,12,11
08/02/2015 09:00:00 PM,11,8,3
08/02/2015 10:00:00 PM,9,6,3
08/02/2015 11:00:00 PM,8,6,2
08/03/2015 12:00:00 AM,0,0,0
08/03/2015 01:00:00 AM,1,1,0
08/03/2015 02:00:00 AM,3,2,1
08/03/2015 03:00:00 AM,4,3,1
08/03/2015 04:00:00 AM,13,4,9
08/03/2015 05:00:00 AM,24,6,18
08/03/2015 06:00:00 AM,94,12,82
08/03/2015 07:00:00 AM,132,16,116
08/03/2015 08:00:00 AM,163,21,142
08/03/2015 09:00:00 AM,54,6,48
08/03/2015 10:00:00 AM,34,8,26
08/03/2015 11:00:00 AM,28,14,14
08/03/2015 12:00:00 PM,23,14,9
08/03/2015 01:00:00 PM,35,13,22
08/03/2015 02:00:00 PM,35,22,13
08/03/2015 03:00:00 PM,52,35,17
08/03/2015 04:00:00 PM,120,97,23
08/03/2015 05:00:00 PM,187,165,22
08/03/2015 06:00:00 PM,152,129,23
08/03/2015 07:00:00 PM,62,42,20
08/03/2015 08:00:00 PM,40,23,17
08/03/2015 09:00:00 PM,29,12,17
08/03/2015 10:00:00 PM,7,4,3
08/03/2015 11:00:00 PM,6,4,2
08/04/2015 12:00:00 AM,4,4,0
08/04/2015 01:00:00 AM,2,2,0
08/04/2015 02:00:00 AM,1,1,0
08/04/2015 03:00:00 AM,4,1,3
08/04/2015 04:00:00 AM,5,1,4
08/04/2015 05:00:00 AM,22,5,17
08/04/2015 06:00:00 AM,91,13,78
08/04/2015 07:00:00 AM,176,21,155
08/04/2015 08:00:00 AM,160,22,138
08/04/2015 09:00:00 AM,68,8,60
08/04/2015 10:00:00 AM,33,14,19
08/04/2015 11:00:00 AM,27,12,15
08/04/2015 12:00:00 PM,45,21,24
08/04/2015 01:00:00 PM,49,23,26
08/04/2015 02:00:00 PM,35,16,19
08/04/2015 03:00:00 PM,42,31,11
08/04/2015 04:00:00 PM,130,104,26
08/04/2015 05:00:00 PM,208,185,23
08/04/2015 06:00:00 PM,150,127,23
08/04/2015 07:00:00 PM,64,52,12
08/04/2015 08:00:00 PM,47,33,14
08/04/2015 09:00:00 PM,22,10,12
08/04/2015 10:00:00 PM,13,6,7
08/04/2015 11:00:00 PM,4,3,1
08/05/2015 12:00:00 AM,3,3,0
08/05/2015 01:00:00 AM,2,2,0
08/05/2015 02:00:00 AM,1,1,0
08/05/2015 03:00:00 AM,4,2,2
08/05/2015 04:00:00 AM,7,1,6
08/05/2015 05:00:00 AM,29,5,24
08/05/2015 06:00:00 AM,105,16,89
08/05/2015 07:00:00 AM,140,16,124
08/05/2015 08:00:00 AM,144,7,137
08/05/2015 09:00:00 AM,43,10,33
08/05/2015 10:00:00 AM,29,11,18
08/05/2015 11:00:00 AM,31,17,14
08/05/2015 12:00:00 PM,23,9,14
08/05/2015 01:00:00 PM,24,10,14
08/05/2015 02:00:00 PM,33,19,14
08/05/2015 03:00:00 PM,48,32,16
08/05/2015 04:00:00 PM,123,99,24
08/05/2015 05:00:00 PM,199,172,27
08/05/2015 06:00:00 PM,111,92,19
08/05/2015 07:00:00 PM,58,46,12
08/05/2015 08:00:00 PM,38,26,12
08/05/2015 09:00:00 PM,21,16,5
08/05/2015 10:00:00 PM,8,6,2
08/05/2015 11:00:00 PM,6,4,2
08/06/2015 12:00:00 AM,2,2,0
08/06/2015 01:00:00 AM,2,1,1
08/06/2015 02:00:00 AM,1,0,1
08/06/2015 03:00:00 AM,1,0,1
08/06/2015 04:00:00 AM,9,2,7
08/06/2015 05:00:00 AM,25,4,21
08/06/2015 06:00:00 AM,69,8,61
08/06/2015 07:00:00 AM,153,11,142
08/06/2015 08:00:00 AM,137,11,126
08/06/2015 09:00:00 AM,66,14,52
08/06/2015 10:00:00 AM,30,7,23
08/06/2015 11:00:00 AM,34,16,18
08/06/2015 12:00:00 PM,31,13,18
08/06/2015 01:00:00 PM,31,15,16
08/06/2015 02:00:00 PM,39,20,19
08/06/2015 03:00:00 PM,53,39,14
08/06/2015 04:00:00 PM,111,88,23
08/06/2015 05:00:00 PM,199,170,29
08/06/2015 06:00:00 PM,146,115,31
08/06/2015 07:00:00 PM,64,51,13
08/06/2015 08:00:00 PM,37,26,11
08/06/2015 09:00:00 PM,16,11,5
08/06/2015 10:00:00 PM,12,11,1
08/06/2015 11:00:00 PM,9,6,3
08/07/2015 12:00:00 AM,7,6,1
08/07/2015 01:00:00 AM,2,2,0
08/07/2015 02:00:00 AM,2,2,0
08/07/2015 03:00:00 AM,5,2,3
08/07/2015 04:00:00 AM,3,0,3
08/07/2015 05:00:00 AM,19,4,15
08/07/2015 06:00:00 AM,68,10,58
08/07/2015 07:00:00 AM,115,16,99
08/07/2015 08:00:00 AM,147,19,128
08/07/2015 09:00:00 AM,65,16,49
08/07/2015 10:00:00 AM,19,4,15
08/07/2015 11:00:00 AM,32,11,21
08/07/2015 12:00:00 PM,39,20,19
08/07/2015 01:00:00 PM,59,39,20
08/07/2015 02:00:00 PM,31,14,17
08/07/2015 03:00:00 PM,63,46,17
08/07/2015 04:00:00 PM,88,69,19
08/07/2015 05:00:00 PM,169,127,42
08/07/2015 06:00:00 PM,103,73,30
08/07/2015 07:00:00 PM,43,29,14
08/07/2015 08:00:00 PM,40,24,16
08/07/2015 09:00:00 PM,20,9,11
08/07/2015 10:00:00 PM,12,10,2
08/07/2015 11:00:00 PM,15,14,1
08/08/2015 12:00:00 AM,16,14,2
08/08/2015 01:00:00 AM,15,13,2
08/08/2015 02:00:00 AM,6,6,0
08/08/2015 03:00:00 AM,2,0,2
08/08/2015 04:00:00 AM,2,0,2
08/08/2015 05:00:00 AM,6,0,6
08/08/2015 06:00:00 AM,10,4,6
08/08/2015 07:00:00 AM,22,7,15
08/08/2015 08:00:00 AM,27,9,18
08/08/2015 09:00:00 AM,41,22,19
08/08/2015 10:00:00 AM,47,25,22
08/08/2015 11:00:00 AM,42,15,27
08/08/2015 12:00:00 PM,53,24,29
08/08/2015 01:00:00 PM,55,28,27
08/08/2015 02:00:00 PM,48,14,34
08/08/2015 03:00:00 PM,70,36,34
08/08/2015 04:00:00 PM,57,31,26
08/08/2015 05:00:00 PM,39,21,18
08/08/2015 06:00:00 PM,27,14,13
08/08/2015 07:00:00 PM,13,6,7
08/08/2015 08:00:00 PM,10,7,3
08/08/2015 09:00:00 PM,13,9,4
08/08/2015 10:00:00 PM,7,6,1
08/08/2015 11:00:00 PM,11,6,5
08/09/2015 12:00:00 AM,2,2,0
08/09/2015 01:00:00 AM,4,2,2
08/09/2015 02:00:00 AM,4,4,0
08/09/2015 03:00:00 AM,0,0,0
08/09/2015 04:00:00 AM,4,2,2
08/09/2015 05:00:00 AM,7,1,6
08/09/2015 06:00:00 AM,8,1,7
08/09/2015 07:00:00 AM,21,8,13
08/09/2015 08:00:00 AM,42,19,23
08/09/2015 09:00:00 AM,64,31,33
08/09/2015 10:00:00 AM,61,17,44
08/09/2015 11:00:00 AM,108,46,62
08/09/2015 12:00:00 PM,135,39,96
08/09/2015 01:00:00 PM,83,32,51
08/09/2015 02:00:00 PM,72,40,32
08/09/2015 03:00:00 PM,86,49,37
08/09/2015 04:00:00 PM,74,45,29
08/09/2015 05:00:00 PM,55,26,29
08/09/2015 06:00:00 PM,37,20,17
08/09/2015 07:00:00 PM,41,22,19
08/09/2015 08:00:00 PM,30,13,17
08/09/2015 09:00:00 PM,6,3,3
08/09/2015 10:00:00 PM,6,3,3
08/09/2015 11:00:00 PM,4,4,0
08/10/2015 12:00:00 AM,1,1,0
08/10/2015 01:00:00 AM,1,1,0
08/10/2015 02:00:00 AM,2,0,2
08/10/2015 03:00:00 AM,1,0,1
08/10/2015 04:00:00 AM,9,2,7
08/10/2015 05:00:00 AM,26,2,24
08/10/2015 06:00:00 AM,77,10,67
08/10/2015 07:00:00 AM,135,18,117
08/10/2015 08:00:00 AM,132,18,114
08/10/2015 09:00:00 AM,53,6,47
08/10/2015 10:00:00 AM,25,2,23
08/10/2015 11:00:00 AM,37,25,12
08/10/2015 12:00:00 PM,31,15,16
08/10/2015 01:00:00 PM,38,14,24
08/10/2015 02:00:00 PM,32,17,15
08/10/2015 03:00:00 PM,47,31,16
08/10/2015 04:00:00 PM,105,91,14
08/10/2015 05:00:00 PM,183,151,32
08/10/2015 06:00:00 PM,137,117,20
08/10/2015 07:00:00 PM,49,37,12
08/10/2015 08:00:00 PM,37,23,14
08/10/2015 09:00:00 PM,15,10,5
08/10/2015 10:00:00 PM,7,4,3
08/10/2015 11:00:00 PM,7,6,1
08/11/2015 12:00:00 AM,3,2,1
08/11/2015 01:00:00 AM,2,1,1
08/11/2015 02:00:00 AM,2,0,2
08/11/2015 03:00:00 AM,3,0,3
08/11/2015 04:00:00 AM,4,2,2
08/11/2015 05:00:00 AM,21,3,18
08/11/2015 06:00:00 AM,90,15,75
08/11/2015 07:00:00 AM,181,25,156
08/11/2015 08:00:00 AM,155,14,141
08/11/2015 09:00:00 AM,79,14,65
08/11/2015 10:00:00 AM,23,12,11
08/11/2015 11:00:00 AM,24,10,14
08/11/2015 12:00:00 PM,36,18,18
08/11/2015 01:00:00 PM,36,18,18
08/11/2015 02:00:00 PM,36,22,14
08/11/2015 03:00:00 PM,61,43,18
08/11/2015 04:00:00 PM,118,96,22
08/11/2015 05:00:00 PM,215,187,28
08/11/2015 06:00:00 PM,158,128,30
08/11/2015 07:00:00 PM,71,51,20
08/11/2015 08:00:00 PM,38,24,14
08/11/2015 09:00:00 PM,18,16,2
08/11/2015 10:00:00 PM,7,7,0
08/11/2015 11:00:00 PM,9,6,3
08/12/2015 12:00:00 AM,3,3,0
08/12/2015 01:00:00 AM,5,3,2
08/12/2015 02:00:00 AM,2,1,1
08/12/2015 03:00:00 AM,5,3,2
08/12/2015 04:00:00 AM,5,1,4
08/12/2015 05:00:00 AM,25,4,21
08/12/2015 06:00:00 AM,91,10,81
08/12/2015 07:00:00 AM,169,23,146
08/12/2015 08:00:00 AM,175,17,158
08/12/2015 09:00:00 AM,59,11,48
08/12/2015 10:00:00 AM,41,10,31
08/12/2015 11:00:00 AM,18,6,12
08/12/2015 12:00:00 PM,18,8,10
08/12/2015 01:00:00 PM,22,14,8
08/12/2015 02:00:00 PM,29,13,16
08/12/2015 03:00:00 PM,53,42,11
08/12/2015 04:00:00 PM,120,97,23
08/12/2015 05:00:00 PM,214,186,28
08/12/2015 06:00:00 PM,125,105,20
08/12/2015 07:00:00 PM,64,40,24
08/12/2015 08:00:00 PM,56,41,15
08/12/2015 09:00:00 PM,22,15,7
08/12/2015 10:00:00 PM,8,8,0
08/12/2015 11:00:00 PM,6,4,2
08/13/2015 12:00:00 AM,8,2,6
08/13/2015 01:00:00 AM,1,0,1
08/13/2015 02:00:00 AM,6,5,1
08/13/2015 03:00:00 AM,3,1,2
08/13/2015 04:00:00 AM,6,1,5
08/13/2015 05:00:00 AM,23,2,21
08/13/2015 06:00:00 AM,82,14,68
08/13/2015 07:00:00 AM,148,17,131
08/13/2015 08:00:00 AM,144,18,126
08/13/2015 09:00:00 AM,73,11,62
08/13/2015 10:00:00 AM,33,16,17
08/13/2015 11:00:00 AM,30,13,17
08/13/2015 12:00:00 PM,40,16,24
08/13/2015 01:00:00 PM,35,14,21
08/13/2015 02:00:00 PM,35,17,18
08/13/2015 03:00:00 PM,67,47,20
08/13/2015 04:00:00 PM,119,87,32
08/13/2015 05:00:00 PM,168,136,32
08/13/2015 06:00:00 PM,120,103,17
08/13/2015 07:00:00 PM,78,63,15
08/13/2015 08:00:00 PM,46,31,15
08/13/2015 09:00:00 PM,15,10,5
08/13/2015 10:00:00 PM,12,8,4
08/13/2015 11:00:00 PM,12,10,2
08/14/2015 12:00:00 AM,3,3,0
08/14/2015 01:00:00 AM,7,2,5
08/14/2015 02:00:00 AM,2,1,1
08/14/2015 03:00:00 AM,2,1,1
08/14/2015 04:00:00 AM,3,0,3
08/14/2015 05:00:00 AM,14,4,10
08/14/2015 06:00:00 AM,42,4,38
08/14/2015 07:00:00 AM,74,12,62
08/14/2015 08:00:00 AM,76,7,69
08/14/2015 09:00:00 AM,37,6,31
08/14/2015 10:00:00 AM,20,6,14
08/14/2015 11:00:00 AM,18,10,8
08/14/2015 12:00:00 PM,19,11,8
08/14/2015 01:00:00 PM,17,7,10
08/14/2015 02:00:00 PM,11,10,1
08/14/2015 03:00:00 PM,28,18,10
08/14/2015 04:00:00 PM,34,28,6
08/14/2015 05:00:00 PM,53,47,6
08/14/2015 06:00:00 PM,35,29,6
08/14/2015 07:00:00 PM,12,11,1
08/14/2015 08:00:00 PM,16,13,3
08/14/2015 09:00:00 PM,6,5,1
08/14/2015 10:00:00 PM,5,4,1
08/14/2015 11:00:00 PM,6,5,1
08/15/2015 12:00:00 AM,3,3,0
08/15/2015 01:00:00 AM,0,0,0
08/15/2015 02:00:00 AM,1,0,1
08/15/2015 03:00:00 AM,4,1,3
08/15/2015 04:00:00 AM,1,0,1
08/15/2015 05:00:00 AM,6,2,4
08/15/2015 06:00:00 AM,10,7,3
08/15/2015 07:00:00 AM,16,4,12
08/15/2015 08:00:00 AM,23,8,15
08/15/2015 09:00:00 AM,33,13,20
08/15/2015 10:00:00 AM,40,24,16
08/15/2015 11:00:00 AM,38,18,20
08/15/2015 12:00:00 PM,51,31,20
08/15/2015 01:00:00 PM,56,28,28
08/15/2015 02:00:00 PM,58,27,31
08/15/2015 03:00:00 PM,51,26,25
08/15/2015 04:00:00 PM,57,32,25
08/15/2015 05:00:00 PM,32,13,19
08/15/2015 06:00:00 PM,23,13,10
08/15/2015 07:00:00 PM,18,9,9
08/15/2015 08:00:00 PM,14,12,2
08/15/2015 09:00:00 PM,12,4,8
08/15/2015 10:00:00 PM,10,9,1
08/15/2015 11:00:00 PM,11,7,4
08/16/2015 12:00:00 AM,4,2,2
08/16/2015 01:00:00 AM,3,2,1
08/16/2015 02:00:00 AM,5,4,1
08/16/2015 03:00:00 AM,4,3,1
08/16/2015 04:00:00 AM,2,1,1
08/16/2015 05:00:00 AM,9,4,5
08/16/2015 06:00:00 AM,5,3,2
08/16/2015 07:00:00 AM,10,4,6
08/16/2015 08:00:00 AM,31,10,21
08/16/2015 09:00:00 AM,27,13,14
08/16/2015 10:00:00 AM,62,35,27
08/16/2015 11:00:00 AM,80,42,38
08/16/2015 12:00:00 PM,89,41,48
08/16/2015 01:00:00 PM,98,45,53
08/16/2015 02:00:00 PM,83,35,48
08/16/2015 03:00:00 PM,68,38,30
08/16/2015 04:00:00 PM,76,42,34
08/16/2015 05:00:00 PM,63,40,23
08/16/2015 06:00:00 PM,48,30,18
08/16/2015 07:00:00 PM,27,11,16
08/16/2015 08:00:00 PM,12,5,7
08/16/2015 09:00:00 PM,11,7,4
08/16/2015 10:00:00 PM,10,5,5
08/16/2015 11:00:00 PM,5,4,1
08/17/2015 12:00:00 AM,0,0,0
08/17/2015 01:00:00 AM,3,1,2
08/17/2015 02:00:00 AM,1,0,1
08/17/2015 03:00:00 AM,2,1,1
08/17/2015 04:00:00 AM,7,2,5
08/17/2015 05:00:00 AM,24,2,22
08/17/2015 06:00:00 AM,70,11,59
08/17/2015 07:00:00 AM,148,15,133
08/17/2015 08:00:00 AM,134,15,119
08/17/2015 09:00:00 AM,54,5,49
08/17/2015 10:00:00 AM,22,10,12
08/17/2015 11:00:00 AM,26,10,16
08/17/2015 12:00:00 PM,31,17,14
08/17/2015 01:00:00 PM,33,14,19
08/17/2015 02:00:00 PM,25,16,9
08/17/2015 03:00:00 PM,60,43,17
08/17/2015 04:00:00 PM,116,90,26
08/17/2015 05:00:00 PM,217,188,29
08/17/2015 06:00:00 PM,135,112,23
08/17/2015 07:00:00 PM,54,39,15
08/17/2015 08:00:00 PM,25,10,15
08/17/2015 09:00:00 PM,16,12,4
08/17/2015 10:00:00 PM,13,12,1
08/17/2015 11:00:00 PM,4,3,1
08/18/2015 12:00:00 AM,2,2,0
08/18/2015 01:00:00 AM,0,0,0
08/18/2015 02:00:00 AM,2,2,0
08/18/2015 03:00:00 AM,5,0,5
08/18/2015 04:00:00 AM,7,3,4
08/18/2015 05:00:00 AM,26,4,22
08/18/2015 06:00:00 AM,84,11,73
08/18/2015 07:00:00 AM,180,13,167
08/18/2015 08:00:00 AM,159,21,138
08/18/2015 09:00:00 AM,65,8,57
08/18/2015 10:00:00 AM,36,15,21
08/18/2015 11:00:00 AM,42,20,22
08/18/2015 12:00:00 PM,31,21,10
08/18/2015 01:00:00 PM,47,28,19
08/18/2015 02:00:00 PM,41,22,19
08/18/2015 03:00:00 PM,54,40,14
08/18/2015 04:00:00 PM,127,96,31
08/18/2015 05:00:00 PM,189,162,27
08/18/2015 06:00:00 PM,136,117,19
08/18/2015 07:00:00 PM,56,44,12
08/18/2015 08:00:00 PM,34,28,6
08/18/2015 09:00:00 PM,27,21,6
08/18/2015 10:00:00 PM,12,9,3
08/18/2015 11:00:00 PM,1,1,0
08/19/2015 12:00:00 AM,2,2,0
08/19/2015 01:00:00 AM,1,1,0
08/19/2015 02:00:00 AM,3,2,1
08/19/2015 03:00:00 AM,2,1,1
08/19/2015 04:00:00 AM,7,0,7
08/19/2015 05:00:00 AM,25,6,19
08/19/2015 06:00:00 AM,77,10,67
08/19/2015 07:00:00 AM,166,24,142
08/19/2015 08:00:00 AM,179,14,165
08/19/2015 09:00:00 AM,68,18,50
08/19/2015 10:00:00 AM,32,10,22
08/19/2015 11:00:00 AM,36,15,21
08/19/2015 12:00:00 PM,36,14,22
08/19/2015 01:00:00 PM,38,22,16
08/19/2015 02:00:00 PM,35,24,11
08/19/2015 03:00:00 PM,59,46,13
08/19/2015 04:00:00 PM,108,84,24
08/19/2015 05:00:00 PM,202,178,24
08/19/2015 06:00:00 PM,123,101,22
08/19/2015 07:00:00 PM,80,57,23
08/19/2015 08:00:00 PM,48,28,20
08/19/2015 09:00:00 PM,20,15,5
08/19/2015 10:00:00 PM,6,6,0
08/19/2015 11:00:00 PM,12,9,3
08/20/2015 12:00:00 AM,5,5,0
08/20/2015 01:00:00 AM,0,0,0
08/20/2015 02:00:00 AM,2,0,2
08/20/2015 03:00:00 AM,1,1,0
08/20/2015 04:00:00 AM,12,2,10
08/20/2015 05:00:00 AM,25,5,20
08/20/2015 06:00:00 AM,71,7,64
08/20/2015 07:00:00 AM,136,19,117
08/20/2015 08:00:00 AM,126,10,116
08/20/2015 09:00:00 AM,61,7,54
08/20/2015 10:00:00 AM,30,9,21
08/20/2015 11:00:00 AM,22,9,13
08/20/2015 12:00:00 PM,31,21,10
08/20/2015 01:00:00 PM,38,16,22
08/20/2015 02:00:00 PM,38,25,13
08/20/2015 03:00:00 PM,54,38,16
08/20/2015 04:00:00 PM,98,78,20
08/20/2015 05:00:00 PM,157,133,24
08/20/2015 06:00:00 PM,110,87,23
08/20/2015 07:00:00 PM,64,51,13
08/20/2015 08:00:00 PM,40,33,7
08/20/2015 09:00:00 PM,23,14,9
08/20/2015 10:00:00 PM,11,9,2
08/20/2015 11:00:00 PM,11,7,4
08/21/2015 12:00:00 AM,5,4,1
08/21/2015 01:00:00 AM,0,0,0
08/21/2015 02:00:00 AM,3,1,2
08/21/2015 03:00:00 AM,1,0,1
08/21/2015 04:00:00 AM,6,1,5
08/21/2015 05:00:00 AM,16,2,14
08/21/2015 06:00:00 AM,51,5,46
08/21/2015 07:00:00 AM,109,16,93
08/21/2015 08:00:00 AM,109,12,97
08/21/2015 09:00:00 AM,54,6,48
08/21/2015 10:00:00 AM,31,11,20
08/21/2015 11:00:00 AM,34,4,30
08/21/2015 12:00:00 PM,28,12,16
08/21/2015 01:00:00 PM,27,16,11
08/21/2015 02:00:00 PM,30,19,11
08/21/2015 03:00:00 PM,50,39,11
08/21/2015 04:00:00 PM,93,74,19
08/21/2015 05:00:00 PM,131,117,14
08/21/2015 06:00:00 PM,73,58,15
08/21/2015 07:00:00 PM,40,34,6
08/21/2015 08:00:00 PM,21,14,7
08/21/2015 09:00:00 PM,19,10,9
08/21/2015 10:00:00 PM,9,7,2
08/21/2015 11:00:00 PM,8,5,3
08/22/2015 12:00:00 AM,9,8,1
08/22/2015 01:00:00 AM,2,1,1
08/22/2015 02:00:00 AM,5,4,1
08/22/2015 03:00:00 AM,4,3,1
08/22/2015 04:00:00 AM,2,0,2
08/22/2015 05:00:00 AM,5,0,5
08/22/2015 06:00:00 AM,9,3,6
08/22/2015 07:00:00 AM,22,6,16
08/22/2015 08:00:00 AM,48,18,30
08/22/2015 09:00:00 AM,42,14,28
08/22/2015 10:00:00 AM,117,74,43
08/22/2015 11:00:00 AM,100,64,36
08/22/2015 12:00:00 PM,113,45,68
08/22/2015 01:00:00 PM,58,19,39
08/22/2015 02:00:00 PM,53,28,25
08/22/2015 03:00:00 PM,62,31,31
08/22/2015 04:00:00 PM,49,30,19
08/22/2015 05:00:00 PM,44,20,24
08/22/2015 06:00:00 PM,26,12,14
08/22/2015 07:00:00 PM,21,10,11
08/22/2015 08:00:00 PM,18,13,5
08/22/2015 09:00:00 PM,12,5,7
08/22/2015 10:00:00 PM,10,8,2
08/22/2015 11:00:00 PM,5,4,1
08/23/2015 12:00:00 AM,7,5,2
08/23/2015 01:00:00 AM,2,1,1
08/23/2015 02:00:00 AM,2,2,0
08/23/2015 03:00:00 AM,3,3,0
08/23/2015 04:00:00 AM,1,1,0
08/23/2015 05:00:00 AM,4,1,3
08/23/2015 06:00:00 AM,10,4,6
08/23/2015 07:00:00 AM,14,4,10
08/23/2015 08:00:00 AM,29,14,15
08/23/2015 09:00:00 AM,58,29,29
08/23/2015 10:00:00 AM,45,22,23
08/23/2015 11:00:00 AM,56,28,28
08/23/2015 12:00:00 PM,80,45,35
08/23/2015 01:00:00 PM,73,39,34
08/23/2015 02:00:00 PM,79,40,39
08/23/2015 03:00:00 PM,57,39,18
08/23/2015 04:00:00 PM,63,33,30
08/23/2015 05:00:00 PM,52,25,27
08/23/2015 06:00:00 PM,36,18,18
08/23/2015 07:00:00 PM,15,7,8
08/23/2015 08:00:00 PM,17,8,9
08/23/2015 09:00:00 PM,5,3,2
08/23/2015 10:00:00 PM,3,2,1
08/23/2015 11:00:00 PM,5,2,3
08/24/2015 12:00:00 AM,6,2,4
08/24/2015 01:00:00 AM,1,1,0
08/24/2015 02:00:00 AM,3,2,1
08/24/2015 03:00:00 AM,1,1,0
08/24/2015 04:00:00 AM,6,0,6
08/24/2015 05:00:00 AM,26,1,25
08/24/2015 06:00:00 AM,66,16,50
08/24/2015 07:00:00 AM,144,14,130
08/24/2015 08:00:00 AM,179,31,148
08/24/2015 09:00:00 AM,46,6,40
08/24/2015 10:00:00 AM,23,3,20
08/24/2015 11:00:00 AM,22,9,13
08/24/2015 12:00:00 PM,28,13,15
08/24/2015 01:00:00 PM,32,12,20
08/24/2015 02:00:00 PM,35,20,15
08/24/2015 03:00:00 PM,58,38,20
08/24/2015 04:00:00 PM,125,95,30
08/24/2015 05:00:00 PM,170,151,19
08/24/2015 06:00:00 PM,113,99,14
08/24/2015 07:00:00 PM,54,39,15
08/24/2015 08:00:00 PM,29,25,4
08/24/2015 09:00:00 PM,7,7,0
08/24/2015 10:00:00 PM,12,8,4
08/24/2015 11:00:00 PM,6,4,2
08/25/2015 12:00:00 AM,5,5,0
08/25/2015 01:00:00 AM,3,2,1
08/25/2015 02:00:00 AM,2,1,1
08/25/2015 03:00:00 AM,1,0,1
08/25/2015 04:00:00 AM,1,0,1
08/25/2015 05:00:00 AM,26,3,23
08/25/2015 06:00:00 AM,78,12,66
08/25/2015 07:00:00 AM,185,22,163
08/25/2015 08:00:00 AM,167,23,144
08/25/2015 09:00:00 AM,64,14,50
08/25/2015 10:00:00 AM,28,9,19
08/25/2015 11:00:00 AM,15,5,10
08/25/2015 12:00:00 PM,34,19,15
08/25/2015 01:00:00 PM,39,15,24
08/25/2015 02:00:00 PM,35,18,17
08/25/2015 03:00:00 PM,61,45,16
08/25/2015 04:00:00 PM,133,96,37
08/25/2015 05:00:00 PM,204,181,23
08/25/2015 06:00:00 PM,143,115,28
08/25/2015 07:00:00 PM,69,47,22
08/25/2015 08:00:00 PM,45,35,10
08/25/2015 09:00:00 PM,20,13,7
08/25/2015 10:00:00 PM,13,8,5
08/25/2015 11:00:00 PM,17,8,9
08/26/2015 12:00:00 AM,2,1,1
08/26/2015 01:00:00 AM,2,1,1
08/26/2015 02:00:00 AM,1,0,1
08/26/2015 03:00:00 AM,1,0,1
08/26/2015 04:00:00 AM,3,0,3
08/26/2015 05:00:00 AM,30,6,24
08/26/2015 06:00:00 AM,73,11,62
08/26/2015 07:00:00 AM,163,21,142
08/26/2015 08:00:00 AM,152,11,141
08/26/2015 09:00:00 AM,57,6,51
08/26/2015 10:00:00 AM,42,17,25
08/26/2015 11:00:00 AM,29,12,17
08/26/2015 12:00:00 PM,29,17,12
08/26/2015 01:00:00 PM,45,19,26
08/26/2015 02:00:00 PM,36,19,17
08/26/2015 03:00:00 PM,63,45,18
08/26/2015 04:00:00 PM,135,103,32
08/26/2015 05:00:00 PM,203,173,30
08/26/2015 06:00:00 PM,103,90,13
08/26/2015 07:00:00 PM,68,56,12
08/26/2015 08:00:00 PM,42,22,20
08/26/2015 09:00:00 PM,20,16,4
08/26/2015 10:00:00 PM,9,8,1
08/26/2015 11:00:00 PM,8,5,3
08/27/2015 12:00:00 AM,1,0,1
08/27/2015 01:00:00 AM,0,0,0
08/27/2015 02:00:00 AM,2,0,2
08/27/2015 03:00:00 AM,1,1,0
08/27/2015 04:00:00 AM,5,1,4
08/27/2015 05:00:00 AM,34,4,30
08/27/2015 06:00:00 AM,78,12,66
08/27/2015 07:00:00 AM,158,16,142
08/27/2015 08:00:00 AM,153,24,129
08/27/2015 09:00:00 AM,60,7,53
08/27/2015 10:00:00 AM,35,11,24
08/27/2015 11:00:00 AM,30,8,22
08/27/2015 12:00:00 PM,36,21,15
08/27/2015 01:00:00 PM,41,14,27
08/27/2015 02:00:00 PM,45,25,20
08/27/2015 03:00:00 PM,76,38,38
08/27/2015 04:00:00 PM,125,101,24
08/27/2015 05:00:00 PM,194,165,29
08/27/2015 06:00:00 PM,113,92,21
08/27/2015 07:00:00 PM,65,49,16
08/27/2015 08:00:00 PM,30,24,6
08/27/2015 09:00:00 PM,16,13,3
08/27/2015 10:00:00 PM,17,14,3
08/27/2015 11:00:00 PM,11,9,2
08/28/2015 12:00:00 AM,5,4,1
08/28/2015 01:00:00 AM,2,1,1
08/28/2015 02:00:00 AM,3,2,1
08/28/2015 03:00:00 AM,1,0,1
08/28/2015 04:00:00 AM,3,2,1
08/28/2015 05:00:00 AM,21,2,19
08/28/2015 06:00:00 AM,36,6,30
08/28/2015 07:00:00 AM,78,7,71
08/28/2015 08:00:00 AM,76,10,66
08/28/2015 09:00:00 AM,36,6,30
08/28/2015 10:00:00 AM,25,5,20
08/28/2015 11:00:00 AM,18,6,12
08/28/2015 12:00:00 PM,18,8,10
08/28/2015 01:00:00 PM,24,13,11
08/28/2015 02:00:00 PM,28,18,10
08/28/2015 03:00:00 PM,53,43,10
08/28/2015 04:00:00 PM,58,47,11
08/28/2015 05:00:00 PM,102,84,18
08/28/2015 06:00:00 PM,60,50,10
08/28/2015 07:00:00 PM,16,14,2
08/28/2015 08:00:00 PM,10,5,5
08/28/2015 09:00:00 PM,11,8,3
08/28/2015 10:00:00 PM,8,5,3
08/28/2015 11:00:00 PM,5,5,0
08/29/2015 12:00:00 AM,3,1,2
08/29/2015 01:00:00 AM,7,5,2
08/29/2015 02:00:00 AM,1,1,0
08/29/2015 03:00:00 AM,2,1,1
08/29/2015 04:00:00 AM,2,1,1
08/29/2015 05:00:00 AM,7,2,5
08/29/2015 06:00:00 AM,2,1,1
08/29/2015 07:00:00 AM,0,0,0
08/29/2015 08:00:00 AM,7,0,7
08/29/2015 09:00:00 AM,13,4,9
08/29/2015 10:00:00 AM,16,8,8
08/29/2015 11:00:00 AM,13,5,8
08/29/2015 12:00:00 PM,16,7,9
08/29/2015 01:00:00 PM,23,14,9
08/29/2015 02:00:00 PM,16,5,11
08/29/2015 03:00:00 PM,22,11,11
08/29/2015 04:00:00 PM,14,6,8
08/29/2015 05:00:00 PM,23,12,11
08/29/2015 06:00:00 PM,6,4,2
08/29/2015 07:00:00 PM,9,6,3
08/29/2015 08:00:00 PM,9,6,3
08/29/2015 09:00:00 PM,1,0,1
08/29/2015 10:00:00 PM,1,1,0
08/29/2015 11:00:00 PM,1,0,1
08/30/2015 12:00:00 AM,0,0,0
08/30/2015 01:00:00 AM,4,3,1
08/30/2015 02:00:00 AM,0,0,0
08/30/2015 03:00:00 AM,1,0,1
08/30/2015 04:00:00 AM,0,0,0
08/30/2015 05:00:00 AM,1,0,1
08/30/2015 06:00:00 AM,3,1,2
08/30/2015 07:00:00 AM,8,3,5
08/30/2015 08:00:00 AM,6,3,3
08/30/2015 09:00:00 AM,15,5,10
08/30/2015 10:00:00 AM,21,8,13
08/30/2015 11:00:00 AM,23,13,10
08/30/2015 12:00:00 PM,30,14,16
08/30/2015 01:00:00 PM,20,7,13
08/30/2015 02:00:00 PM,33,20,13
08/30/2015 03:00:00 PM,28,11,17
08/30/2015 04:00:00 PM,26,19,7
08/30/2015 05:00:00 PM,30,18,12
08/30/2015 06:00:00 PM,14,10,4
08/30/2015 07:00:00 PM,9,1,8
08/30/2015 08:00:00 PM,8,4,4
08/30/2015 09:00:00 PM,5,4,1
08/30/2015 10:00:00 PM,2,2,0
08/30/2015 11:00:00 PM,5,3,2
08/31/2015 12:00:00 AM,2,2,0
08/31/2015 01:00:00 AM,0,0,0
08/31/2015 02:00:00 AM,1,0,1
08/31/2015 03:00:00 AM,1,0,1
08/31/2015 04:00:00 AM,7,1,6
08/31/2015 05:00:00 AM,15,2,13
08/31/2015 06:00:00 AM,49,7,42
08/31/2015 07:00:00 AM,117,15,102
08/31/2015 08:00:00 AM,117,11,106
08/31/2015 09:00:00 AM,39,5,34
08/31/2015 10:00:00 AM,16,4,12
08/31/2015 11:00:00 AM,7,3,4
08/31/2015 12:00:00 PM,12,6,6
08/31/2015 01:00:00 PM,9,3,6
08/31/2015 02:00:00 PM,19,16,3
08/31/2015 03:00:00 PM,37,25,12
08/31/2015 04:00:00 PM,73,58,15
08/31/2015 05:00:00 PM,132,122,10
08/31/2015 06:00:00 PM,82,67,15
08/31/2015 07:00:00 PM,40,33,7
08/31/2015 08:00:00 PM,18,14,4
08/31/2015 09:00:00 PM,5,4,1
08/31/2015 10:00:00 PM,2,2,0
08/31/2015 11:00:00 PM,4,1,3
09/01/2015 12:00:00 AM,3,3,0
09/01/2015 01:00:00 AM,4,4,0
09/01/2015 02:00:00 AM,1,1,0
09/01/2015 03:00:00 AM,2,1,1
09/01/2015 04:00:00 AM,6,1,5
09/01/2015 05:00:00 AM,18,0,18
09/01/2015 06:00:00 AM,53,7,46
09/01/2015 07:00:00 AM,109,13,96
09/01/2015 08:00:00 AM,96,13,83
09/01/2015 09:00:00 AM,33,4,29
09/01/2015 10:00:00 AM,9,2,7
09/01/2015 11:00:00 AM,10,2,8
09/01/2015 12:00:00 PM,14,7,7
09/01/2015 01:00:00 PM,20,7,13
09/01/2015 02:00:00 PM,21,10,11
09/01/2015 03:00:00 PM,23,18,5
09/01/2015 04:00:00 PM,66,53,13
09/01/2015 05:00:00 PM,118,103,15
09/01/2015 06:00:00 PM,73,64,9
09/01/2015 07:00:00 PM,33,26,7
09/01/2015 08:00:00 PM,18,14,4
09/01/2015 09:00:00 PM,14,13,1
09/01/2015 10:00:00 PM,2,2,0
09/01/2015 11:00:00 PM,7,6,1
09/02/2015 12:00:00 AM,3,2,1
09/02/2015 01:00:00 AM,1,1,0
09/02/2015 02:00:00 AM,2,2,0
09/02/2015 03:00:00 AM,3,1,2
09/02/2015 04:00:00 AM,4,0,4
09/02/2015 05:00:00 AM,19,0,19
09/02/2015 06:00:00 AM,67,4,63
09/02/2015 07:00:00 AM,133,12,121
09/02/2015 08:00:00 AM,119,13,106
09/02/2015 09:00:00 AM,51,7,44
09/02/2015 10:00:00 AM,26,7,19
09/02/2015 11:00:00 AM,29,10,19
09/02/2015 12:00:00 PM,32,11,21
09/02/2015 01:00:00 PM,21,8,13
09/02/2015 02:00:00 PM,26,15,11
09/02/2015 03:00:00 PM,43,24,19
09/02/2015 04:00:00 PM,114,88,26
09/02/2015 05:00:00 PM,157,139,18
09/02/2015 06:00:00 PM,117,98,19
09/02/2015 07:00:00 PM,34,26,8
09/02/2015 08:00:00 PM,29,22,7
09/02/2015 09:00:00 PM,16,15,1
09/02/2015 10:00:00 PM,5,4,1
09/02/2015 11:00:00 PM,3,1,2
09/03/2015 12:00:00 AM,2,2,0
09/03/2015 01:00:00 AM,0,0,0
09/03/2015 02:00:00 AM,2,0,2
09/03/2015 03:00:00 AM,1,1,0
09/03/2015 04:00:00 AM,7,1,6
09/03/2015 05:00:00 AM,21,1,20
09/03/2015 06:00:00 AM,70,15,55
09/03/2015 07:00:00 AM,119,19,100
09/03/2015 08:00:00 AM,118,15,103
09/03/2015 09:00:00 AM,56,10,46
09/03/2015 10:00:00 AM,21,4,17
09/03/2015 11:00:00 AM,19,6,13
09/03/2015 12:00:00 PM,33,13,20
09/03/2015 01:00:00 PM,16,10,6
09/03/2015 02:00:00 PM,25,17,8
09/03/2015 03:00:00 PM,35,18,17
09/03/2015 04:00:00 PM,80,56,24
09/03/2015 05:00:00 PM,149,126,23
09/03/2015 06:00:00 PM,97,85,12
09/03/2015 07:00:00 PM,38,31,7
09/03/2015 08:00:00 PM,24,18,6
09/03/2015 09:00:00 PM,10,9,1
09/03/2015 10:00:00 PM,7,7,0
09/03/2015 11:00:00 PM,10,8,2
09/04/2015 12:00:00 AM,3,2,1
09/04/2015 01:00:00 AM,0,0,0
09/04/2015 02:00:00 AM,2,0,2
09/04/2015 03:00:00 AM,2,1,1
09/04/2015 04:00:00 AM,3,0,3
09/04/2015 05:00:00 AM,22,1,21
09/04/2015 06:00:00 AM,57,10,47
09/04/2015 07:00:00 AM,106,19,87
09/04/2015 08:00:00 AM,105,14,91
09/04/2015 09:00:00 AM,44,10,34
09/04/2015 10:00:00 AM,30,9,21
09/04/2015 11:00:00 AM,29,17,12
09/04/2015 12:00:00 PM,33,10,23
09/04/2015 01:00:00 PM,27,16,11
09/04/2015 02:00:00 PM,33,25,8
09/04/2015 03:00:00 PM,62,43,19
09/04/2015 04:00:00 PM,101,76,25
09/04/2015 05:00:00 PM,109,95,14
09/04/2015 06:00:00 PM,59,43,16
09/04/2015 07:00:00 PM,37,31,6
09/04/2015 08:00:00 PM,19,13,6
09/04/2015 09:00:00 PM,13,8,5
09/04/2015 10:00:00 PM,2,2,0
09/04/2015 11:00:00 PM,1,1,0
09/05/2015 12:00:00 AM,3,1,2
09/05/2015 01:00:00 AM,3,2,1
09/05/2015 02:00:00 AM,2,0,2
09/05/2015 03:00:00 AM,1,0,1
09/05/2015 04:00:00 AM,3,1,2
09/05/2015 05:00:00 AM,2,0,2
09/05/2015 06:00:00 AM,10,1,9
09/05/2015 07:00:00 AM,29,9,20
09/05/2015 08:00:00 AM,41,23,18
09/05/2015 09:00:00 AM,34,24,10
09/05/2015 10:00:00 AM,63,24,39
09/05/2015 11:00:00 AM,31,11,20
09/05/2015 12:00:00 PM,55,29,26
09/05/2015 01:00:00 PM,52,22,30
09/05/2015 02:00:00 PM,72,36,36
09/05/2015 03:00:00 PM,63,32,31
09/05/2015 04:00:00 PM,34,20,14
09/05/2015 05:00:00 PM,31,11,20
09/05/2015 06:00:00 PM,24,18,6
09/05/2015 07:00:00 PM,15,12,3
09/05/2015 08:00:00 PM,3,2,1
09/05/2015 09:00:00 PM,8,6,2
09/05/2015 10:00:00 PM,4,3,1
09/05/2015 11:00:00 PM,4,2,2
09/06/2015 12:00:00 AM,4,2,2
09/06/2015 01:00:00 AM,3,3,0
09/06/2015 02:00:00 AM,1,1,0
09/06/2015 03:00:00 AM,2,1,1
09/06/2015 04:00:00 AM,2,2,0
09/06/2015 05:00:00 AM,3,0,3
09/06/2015 06:00:00 AM,2,0,2
09/06/2015 07:00:00 AM,3,2,1
09/06/2015 08:00:00 AM,9,3,6
09/06/2015 09:00:00 AM,9,4,5
09/06/2015 10:00:00 AM,19,6,13
09/06/2015 11:00:00 AM,21,8,13
09/06/2015 12:00:00 PM,16,11,5
09/06/2015 01:00:00 PM,19,6,13
09/06/2015 02:00:00 PM,16,10,6
09/06/2015 03:00:00 PM,22,10,12
09/06/2015 04:00:00 PM,18,12,6
09/06/2015 05:00:00 PM,15,10,5
09/06/2015 06:00:00 PM,15,6,9
09/06/2015 07:00:00 PM,5,1,4
09/06/2015 08:00:00 PM,16,11,5
09/06/2015 09:00:00 PM,3,1,2
09/06/2015 10:00:00 PM,2,2,0
09/06/2015 11:00:00 PM,2,1,1
09/07/2015 12:00:00 AM,1,1,0
09/07/2015 01:00:00 AM,2,2,0
09/07/2015 02:00:00 AM,3,2,1
09/07/2015 03:00:00 AM,0,0,0
09/07/2015 04:00:00 AM,2,2,0
09/07/2015 05:00:00 AM,2,0,2
09/07/2015 06:00:00 AM,5,0,5
09/07/2015 07:00:00 AM,8,2,6
09/07/2015 08:00:00 AM,21,7,14
09/07/2015 09:00:00 AM,85,57,28
09/07/2015 10:00:00 AM,52,25,27
09/07/2015 11:00:00 AM,54,34,20
09/07/2015 12:00:00 PM,78,53,25
09/07/2015 01:00:00 PM,71,30,41
09/07/2015 02:00:00 PM,79,32,47
09/07/2015 03:00:00 PM,104,49,55
09/07/2015 04:00:00 PM,88,51,37
09/07/2015 05:00:00 PM,59,31,28
09/07/2015 06:00:00 PM,47,24,23
09/07/2015 07:00:00 PM,32,21,11
09/07/2015 08:00:00 PM,17,7,10
09/07/2015 09:00:00 PM,7,5,2
09/07/2015 10:00:00 PM,6,3,3
09/07/2015 11:00:00 PM,6,5,1
09/08/2015 12:00:00 AM,2,2,0
09/08/2015 01:00:00 AM,1,1,0
09/08/2015 02:00:00 AM,2,0,2
09/08/2015 03:00:00 AM,4,3,1
09/08/2015 04:00:00 AM,5,0,5
09/08/2015 05:00:00 AM,24,2,22
09/08/2015 06:00:00 AM,59,11,48
09/08/2015 07:00:00 AM,157,22,135
09/08/2015 08:00:00 AM,148,17,131
09/08/2015 09:00:00 AM,57,7,50
09/08/2015 10:00:00 AM,15,5,10
09/08/2015 11:00:00 AM,12,5,7
09/08/2015 12:00:00 PM,29,15,14
09/08/2015 01:00:00 PM,21,11,10
09/08/2015 02:00:00 PM,27,17,10
09/08/2015 03:00:00 PM,45,31,14
09/08/2015 04:00:00 PM,109,79,30
09/08/2015 05:00:00 PM,176,155,21
09/08/2015 06:00:00 PM,137,117,20
09/08/2015 07:00:00 PM,53,41,12
09/08/2015 08:00:00 PM,23,20,3
09/08/2015 09:00:00 PM,21,17,4
09/08/2015 10:00:00 PM,9,5,4
09/08/2015 11:00:00 PM,13,8,5
09/09/2015 12:00:00 AM,4,2,2
09/09/2015 01:00:00 AM,0,0,0
09/09/2015 02:00:00 AM,2,0,2
09/09/2015 03:00:00 AM,5,4,1
09/09/2015 04:00:00 AM,4,0,4
09/09/2015 05:00:00 AM,25,2,23
09/09/2015 06:00:00 AM,72,9,63
09/09/2015 07:00:00 AM,160,15,145
09/09/2015 08:00:00 AM,160,21,139
09/09/2015 09:00:00 AM,57,8,49
09/09/2015 10:00:00 AM,39,10,29
09/09/2015 11:00:00 AM,26,11,15
09/09/2015 12:00:00 PM,35,18,17
09/09/2015 01:00:00 PM,37,24,13
09/09/2015 02:00:00 PM,33,17,16
09/09/2015 03:00:00 PM,60,46,14
09/09/2015 04:00:00 PM,109,77,32
09/09/2015 05:00:00 PM,185,160,25
09/09/2015 06:00:00 PM,141,115,26
09/09/2015 07:00:00 PM,55,43,12
09/09/2015 08:00:00 PM,26,21,5
09/09/2015 09:00:00 PM,18,16,2
09/09/2015 10:00:00 PM,17,13,4
09/09/2015 11:00:00 PM,5,4,1
09/10/2015 12:00:00 AM,4,2,2
09/10/2015 01:00:00 AM,1,0,1
09/10/2015 02:00:00 AM,3,2,1
09/10/2015 03:00:00 AM,1,0,1
09/10/2015 04:00:00 AM,3,0,3
09/10/2015 05:00:00 AM,19,2,17
09/10/2015 06:00:00 AM,74,9,65
09/10/2015 07:00:00 AM,152,14,138
09/10/2015 08:00:00 AM,155,19,136
09/10/2015 09:00:00 AM,76,12,64
09/10/2015 10:00:00 AM,36,12,24
09/10/2015 11:00:00 AM,27,8,19
09/10/2015 12:00:00 PM,31,18,13
09/10/2015 01:00:00 PM,28,9,19
09/10/2015 02:00:00 PM,36,20,16
09/10/2015 03:00:00 PM,53,40,13
09/10/2015 04:00:00 PM,105,82,23
09/10/2015 05:00:00 PM,207,170,37
09/10/2015 06:00:00 PM,123,109,14
09/10/2015 07:00:00 PM,48,42,6
09/10/2015 08:00:00 PM,30,19,11
09/10/2015 09:00:00 PM,22,16,6
09/10/2015 10:00:00 PM,13,8,5
09/10/2015 11:00:00 PM,9,6,3
09/11/2015 12:00:00 AM,4,2,2
09/11/2015 01:00:00 AM,0,0,0
09/11/2015 02:00:00 AM,3,1,2
09/11/2015 03:00:00 AM,0,0,0
09/11/2015 04:00:00 AM,6,0,6
09/11/2015 05:00:00 AM,22,5,17
09/11/2015 06:00:00 AM,58,10,48
09/11/2015 07:00:00 AM,130,19,111
09/11/2015 08:00:00 AM,140,14,126
09/11/2015 09:00:00 AM,40,6,34
09/11/2015 10:00:00 AM,38,10,28
09/11/2015 11:00:00 AM,21,11,10
09/11/2015 12:00:00 PM,27,14,13
09/11/2015 01:00:00 PM,35,17,18
09/11/2015 02:00:00 PM,48,24,24
09/11/2015 03:00:00 PM,69,50,19
09/11/2015 04:00:00 PM,106,80,26
09/11/2015 05:00:00 PM,151,133,18
09/11/2015 06:00:00 PM,67,57,10
09/11/2015 07:00:00 PM,58,47,11
09/11/2015 08:00:00 PM,22,16,6
09/11/2015 09:00:00 PM,15,10,5
09/11/2015 10:00:00 PM,9,7,2
09/11/2015 11:00:00 PM,5,5,0
09/12/2015 12:00:00 AM,9,3,6
09/12/2015 01:00:00 AM,1,1,0
09/12/2015 02:00:00 AM,2,1,1
09/12/2015 03:00:00 AM,2,0,2
09/12/2015 04:00:00 AM,2,1,1
09/12/2015 05:00:00 AM,10,2,8
09/12/2015 06:00:00 AM,7,4,3
09/12/2015 07:00:00 AM,21,5,16
09/12/2015 08:00:00 AM,30,13,17
09/12/2015 09:00:00 AM,46,18,28
09/12/2015 10:00:00 AM,66,35,31
09/12/2015 11:00:00 AM,56,24,32
09/12/2015 12:00:00 PM,75,39,36
09/12/2015 01:00:00 PM,77,41,36
09/12/2015 02:00:00 PM,70,34,36
09/12/2015 03:00:00 PM,86,50,36
09/12/2015 04:00:00 PM,72,44,28
09/12/2015 05:00:00 PM,71,33,38
09/12/2015 06:00:00 PM,32,15,17
09/12/2015 07:00:00 PM,30,22,8
09/12/2015 08:00:00 PM,22,12,10
09/12/2015 09:00:00 PM,13,9,4
09/12/2015 10:00:00 PM,9,4,5
09/12/2015 11:00:00 PM,15,9,6
09/13/2015 12:00:00 AM,8,4,4
09/13/2015 01:00:00 AM,7,6,1
09/13/2015 02:00:00 AM,2,2,0
09/13/2015 03:00:00 AM,0,0,0
09/13/2015 04:00:00 AM,3,2,1
09/13/2015 05:00:00 AM,3,1,2
09/13/2015 06:00:00 AM,1,0,1
09/13/2015 07:00:00 AM,5,0,5
09/13/2015 08:00:00 AM,17,6,11
09/13/2015 09:00:00 AM,30,12,18
09/13/2015 10:00:00 AM,34,17,17
09/13/2015 11:00:00 AM,17,9,8
09/13/2015 12:00:00 PM,21,4,17
09/13/2015 01:00:00 PM,19,10,9
09/13/2015 02:00:00 PM,35,11,24
09/13/2015 03:00:00 PM,31,18,13
09/13/2015 04:00:00 PM,31,20,11
09/13/2015 05:00:00 PM,30,18,12
09/13/2015 06:00:00 PM,15,7,8
09/13/2015 07:00:00 PM,16,13,3
09/13/2015 08:00:00 PM,4,3,1
09/13/2015 09:00:00 PM,4,3,1
09/13/2015 10:00:00 PM,3,1,2
09/13/2015 11:00:00 PM,5,2,3
09/14/2015 12:00:00 AM,3,2,1
09/14/2015 01:00:00 AM,0,0,0
09/14/2015 02:00:00 AM,1,0,1
09/14/2015 03:00:00 AM,2,2,0
09/14/2015 04:00:00 AM,7,1,6
09/14/2015 05:00:00 AM,18,2,16
09/14/2015 06:00:00 AM,62,8,54
09/14/2015 07:00:00 AM,139,9,130
09/14/2015 08:00:00 AM,149,12,137
09/14/2015 09:00:00 AM,45,6,39
09/14/2015 10:00:00 AM,26,9,17
09/14/2015 11:00:00 AM,17,5,12
09/14/2015 12:00:00 PM,22,10,12
09/14/2015 01:00:00 PM,23,12,11
09/14/2015 02:00:00 PM,25,11,14
09/14/2015 03:00:00 PM,40,28,12
09/14/2015 04:00:00 PM,95,75,20
09/14/2015 05:00:00 PM,172,150,22
09/14/2015 06:00:00 PM,95,82,13
09/14/2015 07:00:00 PM,42,34,8
09/14/2015 08:00:00 PM,16,12,4
09/14/2015 09:00:00 PM,9,7,2
09/14/2015 10:00:00 PM,5,3,2
09/14/2015 11:00:00 PM,4,2,2
09/15/2015 12:00:00 AM,3,2,1
09/15/2015 01:00:00 AM,0,0,0
09/15/2015 02:00:00 AM,3,1,2
09/15/2015 03:00:00 AM,2,1,1
09/15/2015 04:00:00 AM,4,0,4
09/15/2015 05:00:00 AM,24,3,21
09/15/2015 06:00:00 AM,61,8,53
09/15/2015 07:00:00 AM,144,11,133
09/15/2015 08:00:00 AM,140,18,122
09/15/2015 09:00:00 AM,54,5,49
09/15/2015 10:00:00 AM,23,9,14
09/15/2015 11:00:00 AM,18,12,6
09/15/2015 12:00:00 PM,23,14,9
09/15/2015 01:00:00 PM,23,8,15
09/15/2015 02:00:00 PM,22,15,7
09/15/2015 03:00:00 PM,36,27,9
09/15/2015 04:00:00 PM,97,79,18
09/15/2015 05:00:00 PM,167,145,22
09/15/2015 06:00:00 PM,112,97,15
09/15/2015 07:00:00 PM,34,27,7
09/15/2015 08:00:00 PM,9,7,2
09/15/2015 09:00:00 PM,12,8,4
09/15/2015 10:00:00 PM,10,8,2
09/15/2015 11:00:00 PM,5,5,0
09/16/2015 12:00:00 AM,2,0,2
09/16/2015 01:00:00 AM,0,0,0
09/16/2015 02:00:00 AM,2,0,2
09/16/2015 03:00:00 AM,2,1,1
09/16/2015 04:00:00 AM,6,0,6
09/16/2015 05:00:00 AM,24,1,23
09/16/2015 06:00:00 AM,57,9,48
09/16/2015 07:00:00 AM,128,12,116
09/16/2015 08:00:00 AM,145,10,135
09/16/2015 09:00:00 AM,49,8,41
09/16/2015 10:00:00 AM,23,5,18
09/16/2015 11:00:00 AM,31,13,18
09/16/2015 12:00:00 PM,21,9,12
09/16/2015 01:00:00 PM,30,15,15
09/16/2015 02:00:00 PM,43,26,17
09/16/2015 03:00:00 PM,42,28,14
09/16/2015 04:00:00 PM,100,75,25
09/16/2015 05:00:00 PM,169,152,17
09/16/2015 06:00:00 PM,107,90,17
09/16/2015 07:00:00 PM,37,28,9
09/16/2015 08:00:00 PM,39,28,11
09/16/2015 09:00:00 PM,16,13,3
09/16/2015 10:00:00 PM,8,5,3
09/16/2015 11:00:00 PM,0,0,0
09/17/2015 12:00:00 AM,3,2,1
09/17/2015 01:00:00 AM,1,1,0
09/17/2015 02:00:00 AM,1,0,1
09/17/2015 03:00:00 AM,0,0,0
09/17/2015 04:00:00 AM,5,0,5
09/17/2015 05:00:00 AM,10,2,8
09/17/2015 06:00:00 AM,47,6,41
09/17/2015 07:00:00 AM,110,13,97
09/17/2015 08:00:00 AM,95,5,90
09/17/2015 09:00:00 AM,45,4,41
09/17/2015 10:00:00 AM,15,1,14
09/17/2015 11:00:00 AM,6,4,2
09/17/2015 12:00:00 PM,15,10,5
09/17/2015 01:00:00 PM,10,7,3
09/17/2015 02:00:00 PM,19,8,11
09/17/2015 03:00:00 PM,21,13,8
09/17/2015 04:00:00 PM,43,36,7
09/17/2015 05:00:00 PM,100,90,10
09/17/2015 06:00:00 PM,68,63,5
09/17/2015 07:00:00 PM,62,58,4
09/17/2015 08:00:00 PM,16,13,3
09/17/2015 09:00:00 PM,11,9,2
09/17/2015 10:00:00 PM,5,3,2
09/17/2015 11:00:00 PM,22,3,19
09/18/2015 12:00:00 AM,9,1,8
09/18/2015 01:00:00 AM,7,2,5
09/18/2015 02:00:00 AM,9,1,8
09/18/2015 03:00:00 AM,0,0,0
09/18/2015 04:00:00 AM,4,1,3
09/18/2015 05:00:00 AM,13,2,11
09/18/2015 06:00:00 AM,44,8,36
09/18/2015 07:00:00 AM,109,20,89
09/18/2015 08:00:00 AM,115,17,98
09/18/2015 09:00:00 AM,40,6,34
09/18/2015 10:00:00 AM,20,7,13
09/18/2015 11:00:00 AM,11,5,6
09/18/2015 12:00:00 PM,20,8,12
09/18/2015 01:00:00 PM,28,12,16
09/18/2015 02:00:00 PM,30,20,10
09/18/2015 03:00:00 PM,49,33,16
09/18/2015 04:00:00 PM,82,64,18
09/18/2015 05:00:00 PM,119,110,9
09/18/2015 06:00:00 PM,81,71,10
09/18/2015 07:00:00 PM,32,27,5
09/18/2015 08:00:00 PM,9,4,5
09/18/2015 09:00:00 PM,14,11,3
09/18/2015 10:00:00 PM,2,1,1
09/18/2015 11:00:00 PM,2,1,1
09/19/2015 12:00:00 AM,8,7,1
09/19/2015 01:00:00 AM,0,0,0
09/19/2015 02:00:00 AM,3,1,2
09/19/2015 03:00:00 AM,1,1,0
09/19/2015 04:00:00 AM,1,1,0
09/19/2015 05:00:00 AM,8,1,7
09/19/2015 06:00:00 AM,16,2,14
09/19/2015 07:00:00 AM,18,5,13
09/19/2015 08:00:00 AM,27,11,16
09/19/2015 09:00:00 AM,34,14,20
09/19/2015 10:00:00 AM,35,15,20
09/19/2015 11:00:00 AM,61,31,30
09/19/2015 12:00:00 PM,60,32,28
09/19/2015 01:00:00 PM,50,26,24
09/19/2015 02:00:00 PM,49,27,22
09/19/2015 03:00:00 PM,41,19,22
09/19/2015 04:00:00 PM,48,29,19
09/19/2015 05:00:00 PM,37,25,12
09/19/2015 06:00:00 PM,30,19,11
09/19/2015 07:00:00 PM,12,9,3
09/19/2015 08:00:00 PM,7,5,2
09/19/2015 09:00:00 PM,4,3,1
09/19/2015 10:00:00 PM,1,1,0
09/19/2015 11:00:00 PM,2,2,0
09/20/2015 12:00:00 AM,5,4,1
09/20/2015 01:00:00 AM,1,1,0
09/20/2015 02:00:00 AM,0,0,0
09/20/2015 03:00:00 AM,3,2,1
09/20/2015 04:00:00 AM,2,0,2
09/20/2015 05:00:00 AM,4,1,3
09/20/2015 06:00:00 AM,0,0,0
09/20/2015 07:00:00 AM,9,3,6
09/20/2015 08:00:00 AM,19,11,8
09/20/2015 09:00:00 AM,31,16,15
09/20/2015 10:00:00 AM,32,13,19
09/20/2015 11:00:00 AM,47,22,25
09/20/2015 12:00:00 PM,30,15,15
09/20/2015 01:00:00 PM,36,14,22
09/20/2015 02:00:00 PM,30,15,15
09/20/2015 03:00:00 PM,29,18,11
09/20/2015 04:00:00 PM,31,13,18
09/20/2015 05:00:00 PM,27,20,7
09/20/2015 06:00:00 PM,18,10,8
09/20/2015 07:00:00 PM,10,8,2
09/20/2015 08:00:00 PM,3,1,2
09/20/2015 09:00:00 PM,2,1,1
09/20/2015 10:00:00 PM,0,0,0
09/20/2015 11:00:00 PM,5,3,2
09/21/2015 12:00:00 AM,2,2,0
09/21/2015 01:00:00 AM,0,0,0
09/21/2015 02:00:00 AM,0,0,0
09/21/2015 03:00:00 AM,1,1,0
09/21/2015 04:00:00 AM,4,1,3
09/21/2015 05:00:00 AM,25,3,22
09/21/2015 06:00:00 AM,59,7,52
09/21/2015 07:00:00 AM,170,20,150
09/21/2015 08:00:00 AM,157,21,136
09/21/2015 09:00:00 AM,45,6,39
09/21/2015 10:00:00 AM,28,6,22
09/21/2015 11:00:00 AM,21,8,13
09/21/2015 12:00:00 PM,34,16,18
09/21/2015 01:00:00 PM,27,12,15
09/21/2015 02:00:00 PM,34,23,11
09/21/2015 03:00:00 PM,54,38,16
09/21/2015 04:00:00 PM,117,96,21
09/21/2015 05:00:00 PM,173,153,20
09/21/2015 06:00:00 PM,145,124,21
09/21/2015 07:00:00 PM,42,33,9
09/21/2015 08:00:00 PM,21,13,8
09/21/2015 09:00:00 PM,11,8,3
09/21/2015 10:00:00 PM,9,6,3
09/21/2015 11:00:00 PM,6,6,0
09/22/2015 12:00:00 AM,1,1,0
09/22/2015 01:00:00 AM,1,1,0
09/22/2015 02:00:00 AM,1,0,1
09/22/2015 03:00:00 AM,4,2,2
09/22/2015 04:00:00 AM,2,0,2
09/22/2015 05:00:00 AM,36,4,32
09/22/2015 06:00:00 AM,95,12,83
09/22/2015 07:00:00 AM,191,25,166
09/22/2015 08:00:00 AM,183,14,169
09/22/2015 09:00:00 AM,51,4,47
09/22/2015 10:00:00 AM,36,12,24
09/22/2015 11:00:00 AM,23,7,16
09/22/2015 12:00:00 PM,35,24,11
09/22/2015 01:00:00 PM,37,19,18
09/22/2015 02:00:00 PM,43,20,23
09/22/2015 03:00:00 PM,54,39,15
09/22/2015 04:00:00 PM,142,120,22
09/22/2015 05:00:00 PM,209,181,28
09/22/2015 06:00:00 PM,154,136,18
09/22/2015 07:00:00 PM,56,44,12
09/22/2015 08:00:00 PM,24,18,6
09/22/2015 09:00:00 PM,8,7,1
09/22/2015 10:00:00 PM,12,11,1
09/22/2015 11:00:00 PM,2,1,1
09/23/2015 12:00:00 AM,1,1,0
09/23/2015 01:00:00 AM,0,0,0
09/23/2015 02:00:00 AM,1,0,1
09/23/2015 03:00:00 AM,3,2,1
09/23/2015 04:00:00 AM,3,1,2
09/23/2015 05:00:00 AM,30,3,27
09/23/2015 06:00:00 AM,78,9,69
09/23/2015 07:00:00 AM,178,24,154
09/23/2015 08:00:00 AM,176,15,161
09/23/2015 09:00:00 AM,65,5,60
09/23/2015 10:00:00 AM,35,9,26
09/23/2015 11:00:00 AM,27,13,14
09/23/2015 12:00:00 PM,41,15,26
09/23/2015 01:00:00 PM,39,19,20
09/23/2015 02:00:00 PM,37,21,16
09/23/2015 03:00:00 PM,69,51,18
09/23/2015 04:00:00 PM,130,109,21
09/23/2015 05:00:00 PM,220,184,36
09/23/2015 06:00:00 PM,136,111,25
09/23/2015 07:00:00 PM,68,56,12
09/23/2015 08:00:00 PM,29,18,11
09/23/2015 09:00:00 PM,30,25,5
09/23/2015 10:00:00 PM,18,11,7
09/23/2015 11:00:00 PM,6,3,3
09/24/2015 12:00:00 AM,5,3,2
09/24/2015 01:00:00 AM,0,0,0
09/24/2015 02:00:00 AM,3,1,2
09/24/2015 03:00:00 AM,3,3,0
09/24/2015 04:00:00 AM,6,1,5
09/24/2015 05:00:00 AM,37,7,30
09/24/2015 06:00:00 AM,87,7,80
09/24/2015 07:00:00 AM,157,16,141
09/24/2015 08:00:00 AM,132,7,125
09/24/2015 09:00:00 AM,62,8,54
09/24/2015 10:00:00 AM,27,4,23
09/24/2015 11:00:00 AM,24,10,14
09/24/2015 12:00:00 PM,20,9,11
09/24/2015 01:00:00 PM,34,14,20
09/24/2015 02:00:00 PM,39,19,20
09/24/2015 03:00:00 PM,57,42,15
09/24/2015 04:00:00 PM,123,99,24
09/24/2015 05:00:00 PM,177,157,20
09/24/2015 06:00:00 PM,112,98,14
09/24/2015 07:00:00 PM,73,60,13
09/24/2015 08:00:00 PM,24,15,9
09/24/2015 09:00:00 PM,17,8,9
09/24/2015 10:00:00 PM,8,8,0
09/24/2015 11:00:00 PM,7,5,2
09/25/2015 12:00:00 AM,6,4,2
09/25/2015 01:00:00 AM,2,2,0
09/25/2015 02:00:00 AM,2,1,1
09/25/2015 03:00:00 AM,1,1,0
09/25/2015 04:00:00 AM,3,0,3
09/25/2015 05:00:00 AM,20,1,19
09/25/2015 06:00:00 AM,50,12,38
09/25/2015 07:00:00 AM,80,12,68
09/25/2015 08:00:00 AM,81,10,71
09/25/2015 09:00:00 AM,32,5,27
09/25/2015 10:00:00 AM,18,2,16
09/25/2015 11:00:00 AM,7,3,4
09/25/2015 12:00:00 PM,6,1,5
09/25/2015 01:00:00 PM,18,13,5
09/25/2015 02:00:00 PM,15,9,6
09/25/2015 03:00:00 PM,34,28,6
09/25/2015 04:00:00 PM,63,51,12
09/25/2015 05:00:00 PM,102,88,14
09/25/2015 06:00:00 PM,46,42,4
09/25/2015 07:00:00 PM,13,12,1
09/25/2015 08:00:00 PM,14,14,0
09/25/2015 09:00:00 PM,7,3,4
09/25/2015 10:00:00 PM,4,2,2
09/25/2015 11:00:00 PM,2,2,0
09/26/2015 12:00:00 AM,2,1,1
09/26/2015 01:00:00 AM,2,2,0
09/26/2015 02:00:00 AM,2,0,2
09/26/2015 03:00:00 AM,2,0,2
09/26/2015 04:00:00 AM,0,0,0
09/26/2015 05:00:00 AM,7,0,7
09/26/2015 06:00:00 AM,7,0,7
09/26/2015 07:00:00 AM,14,1,13
09/26/2015 08:00:00 AM,19,10,9
09/26/2015 09:00:00 AM,37,17,20
09/26/2015 10:00:00 AM,26,14,12
09/26/2015 11:00:00 AM,42,16,26
09/26/2015 12:00:00 PM,55,19,36
09/26/2015 01:00:00 PM,61,41,20
09/26/2015 02:00:00 PM,26,14,12
09/26/2015 03:00:00 PM,42,19,23
09/26/2015 04:00:00 PM,44,25,19
09/26/2015 05:00:00 PM,34,18,16
09/26/2015 06:00:00 PM,18,12,6
09/26/2015 07:00:00 PM,25,14,11
09/26/2015 08:00:00 PM,15,9,6
09/26/2015 09:00:00 PM,4,2,2
09/26/2015 10:00:00 PM,12,8,4
09/26/2015 11:00:00 PM,6,4,2
09/27/2015 12:00:00 AM,2,1,1
09/27/2015 01:00:00 AM,1,1,0
09/27/2015 02:00:00 AM,1,1,0
09/27/2015 03:00:00 AM,1,0,1
09/27/2015 04:00:00 AM,3,1,2
09/27/2015 05:00:00 AM,4,1,3
09/27/2015 06:00:00 AM,1,0,1
09/27/2015 07:00:00 AM,10,2,8
09/27/2015 08:00:00 AM,21,8,13
09/27/2015 09:00:00 AM,29,10,19
09/27/2015 10:00:00 AM,47,18,29
09/27/2015 11:00:00 AM,69,36,33
09/27/2015 12:00:00 PM,64,30,34
09/27/2015 01:00:00 PM,51,24,27
09/27/2015 02:00:00 PM,54,25,29
09/27/2015 03:00:00 PM,44,29,15
09/27/2015 04:00:00 PM,42,22,20
09/27/2015 05:00:00 PM,24,17,7
09/27/2015 06:00:00 PM,17,8,9
09/27/2015 07:00:00 PM,8,8,0
09/27/2015 08:00:00 PM,5,4,1
09/27/2015 09:00:00 PM,6,2,4
09/27/2015 10:00:00 PM,2,2,0
09/27/2015 11:00:00 PM,3,1,2
09/28/2015 12:00:00 AM,3,1,2
09/28/2015 01:00:00 AM,1,0,1
09/28/2015 02:00:00 AM,2,1,1
09/28/2015 03:00:00 AM,2,1,1
09/28/2015 04:00:00 AM,4,1,3
09/28/2015 05:00:00 AM,30,2,28
09/28/2015 06:00:00 AM,74,10,64
09/28/2015 07:00:00 AM,142,11,131
09/28/2015 08:00:00 AM,153,12,141
09/28/2015 09:00:00 AM,47,6,41
09/28/2015 10:00:00 AM,28,5,23
09/28/2015 11:00:00 AM,18,9,9
09/28/2015 12:00:00 PM,33,14,19
09/28/2015 01:00:00 PM,28,14,14
09/28/2015 02:00:00 PM,28,17,11
09/28/2015 03:00:00 PM,49,32,17
09/28/2015 04:00:00 PM,116,86,30
09/28/2015 05:00:00 PM,164,143,21
09/28/2015 06:00:00 PM,134,121,13
09/28/2015 07:00:00 PM,52,34,18
09/28/2015 08:00:00 PM,16,12,4
09/28/2015 09:00:00 PM,8,7,1
09/28/2015 10:00:00 PM,5,2,3
09/28/2015 11:00:00 PM,5,1,4
09/29/2015 12:00:00 AM,2,1,1
09/29/2015 01:00:00 AM,3,3,0
09/29/2015 02:00:00 AM,1,0,1
09/29/2015 03:00:00 AM,3,1,2
09/29/2015 04:00:00 AM,3,0,3
09/29/2015 05:00:00 AM,24,1,23
09/29/2015 06:00:00 AM,81,13,68
09/29/2015 07:00:00 AM,165,15,150
09/29/2015 08:00:00 AM,176,16,160
09/29/2015 09:00:00 AM,78,16,62
09/29/2015 10:00:00 AM,40,10,30
09/29/2015 11:00:00 AM,20,7,13
09/29/2015 12:00:00 PM,29,11,18
09/29/2015 01:00:00 PM,38,14,24
09/29/2015 02:00:00 PM,30,19,11
09/29/2015 03:00:00 PM,53,42,11
09/29/2015 04:00:00 PM,134,98,36
09/29/2015 05:00:00 PM,220,193,27
09/29/2015 06:00:00 PM,135,118,17
09/29/2015 07:00:00 PM,47,36,11
09/29/2015 08:00:00 PM,22,18,4
09/29/2015 09:00:00 PM,13,12,1
09/29/2015 10:00:00 PM,6,5,1
09/29/2015 11:00:00 PM,5,3,2
09/30/2015 12:00:00 AM,4,1,3
09/30/2015 01:00:00 AM,2,2,0
09/30/2015 02:00:00 AM,1,0,1
09/30/2015 03:00:00 AM,4,2,2
09/30/2015 04:00:00 AM,5,0,5
09/30/2015 05:00:00 AM,40,2,38
09/30/2015 06:00:00 AM,62,9,53
09/30/2015 07:00:00 AM,161,17,144
09/30/2015 08:00:00 AM,162,11,151
09/30/2015 09:00:00 AM,55,5,50
09/30/2015 10:00:00 AM,32,9,23
09/30/2015 11:00:00 AM,16,9,7
09/30/2015 12:00:00 PM,19,5,14
09/30/2015 01:00:00 PM,14,8,6
09/30/2015 02:00:00 PM,34,21,13
09/30/2015 03:00:00 PM,50,32,18
09/30/2015 04:00:00 PM,130,107,23
09/30/2015 05:00:00 PM,199,177,22
09/30/2015 06:00:00 PM,119,95,24
09/30/2015 07:00:00 PM,57,49,8
09/30/2015 08:00:00 PM,37,23,14
09/30/2015 09:00:00 PM,11,8,3
09/30/2015 10:00:00 PM,10,7,3
09/30/2015 11:00:00 PM,4,2,2
10/01/2015 12:00:00 AM,3,1,2
10/01/2015 01:00:00 AM,1,0,1
10/01/2015 02:00:00 AM,2,1,1
10/01/2015 03:00:00 AM,3,2,1
10/01/2015 04:00:00 AM,4,0,4
10/01/2015 05:00:00 AM,31,4,27
10/01/2015 06:00:00 AM,96,15,81
10/01/2015 07:00:00 AM,135,15,120
10/01/2015 08:00:00 AM,147,15,132
10/01/2015 09:00:00 AM,61,9,52
10/01/2015 10:00:00 AM,27,12,15
10/01/2015 11:00:00 AM,23,9,14
10/01/2015 12:00:00 PM,30,15,15
10/01/2015 01:00:00 PM,28,9,19
10/01/2015 02:00:00 PM,41,23,18
10/01/2015 03:00:00 PM,55,43,12
10/01/2015 04:00:00 PM,112,85,27
10/01/2015 05:00:00 PM,188,161,27
10/01/2015 06:00:00 PM,94,79,15
10/01/2015 07:00:00 PM,37,31,6
10/01/2015 08:00:00 PM,24,18,6
10/01/2015 09:00:00 PM,9,7,2
10/01/2015 10:00:00 PM,11,4,7
10/01/2015 11:00:00 PM,7,4,3
10/02/2015 12:00:00 AM,3,2,1
10/02/2015 01:00:00 AM,2,0,2
10/02/2015 02:00:00 AM,1,0,1
10/02/2015 03:00:00 AM,5,3,2
10/02/2015 04:00:00 AM,4,0,4
10/02/2015 05:00:00 AM,24,3,21
10/02/2015 06:00:00 AM,59,10,49
10/02/2015 07:00:00 AM,105,12,93
10/02/2015 08:00:00 AM,106,9,97
10/02/2015 09:00:00 AM,37,2,35
10/02/2015 10:00:00 AM,19,7,12
10/02/2015 11:00:00 AM,11,4,7
10/02/2015 12:00:00 PM,17,9,8
10/02/2015 01:00:00 PM,19,6,13
10/02/2015 02:00:00 PM,22,16,6
10/02/2015 03:00:00 PM,44,32,12
10/02/2015 04:00:00 PM,80,66,14
10/02/2015 05:00:00 PM,124,113,11
10/02/2015 06:00:00 PM,65,58,7
10/02/2015 07:00:00 PM,20,16,4
10/02/2015 08:00:00 PM,8,6,2
10/02/2015 09:00:00 PM,8,8,0
10/02/2015 10:00:00 PM,5,4,1
10/02/2015 11:00:00 PM,3,2,1
10/03/2015 12:00:00 AM,3,1,2
10/03/2015 01:00:00 AM,3,2,1
10/03/2015 02:00:00 AM,2,2,0
10/03/2015 03:00:00 AM,2,1,1
10/03/2015 04:00:00 AM,1,1,0
10/03/2015 05:00:00 AM,3,0,3
10/03/2015 06:00:00 AM,3,1,2
10/03/2015 07:00:00 AM,9,1,8
10/03/2015 08:00:00 AM,24,11,13
10/03/2015 09:00:00 AM,26,10,16
10/03/2015 10:00:00 AM,44,13,31
10/03/2015 11:00:00 AM,28,12,16
10/03/2015 12:00:00 PM,56,31,25
10/03/2015 01:00:00 PM,47,24,23
10/03/2015 02:00:00 PM,38,24,14
10/03/2015 03:00:00 PM,67,39,28
10/03/2015 04:00:00 PM,53,26,27
10/03/2015 05:00:00 PM,31,19,12
10/03/2015 06:00:00 PM,21,10,11
10/03/2015 07:00:00 PM,9,5,4
10/03/2015 08:00:00 PM,11,6,5
10/03/2015 09:00:00 PM,2,2,0
10/03/2015 10:00:00 PM,1,1,0
10/03/2015 11:00:00 PM,8,3,5
10/04/2015 12:00:00 AM,2,0,2
10/04/2015 01:00:00 AM,4,4,0
10/04/2015 02:00:00 AM,0,0,0
10/04/2015 03:00:00 AM,3,2,1
10/04/2015 04:00:00 AM,3,2,1
10/04/2015 05:00:00 AM,5,1,4
10/04/2015 06:00:00 AM,4,2,2
10/04/2015 07:00:00 AM,8,3,5
10/04/2015 08:00:00 AM,31,5,26
10/04/2015 09:00:00 AM,25,8,17
10/04/2015 10:00:00 AM,37,17,20
10/04/2015 11:00:00 AM,69,40,29
10/04/2015 12:00:00 PM,65,35,30
10/04/2015 01:00:00 PM,59,30,29
10/04/2015 02:00:00 PM,74,33,41
10/04/2015 03:00:00 PM,81,40,41
10/04/2015 04:00:00 PM,63,33,30
10/04/2015 05:00:00 PM,43,24,19
10/04/2015 06:00:00 PM,25,12,13
10/04/2015 07:00:00 PM,15,7,8
10/04/2015 08:00:00 PM,10,9,1
10/04/2015 09:00:00 PM,6,5,1
10/04/2015 10:00:00 PM,4,3,1
10/04/2015 11:00:00 PM,3,2,1
10/05/2015 12:00:00 AM,2,1,1
10/05/2015 01:00:00 AM,2,1,1
10/05/2015 02:00:00 AM,1,0,1
10/05/2015 03:00:00 AM,1,1,0
10/05/2015 04:00:00 AM,10,2,8
10/05/2015 05:00:00 AM,28,2,26
10/05/2015 06:00:00 AM,75,11,64
10/05/2015 07:00:00 AM,162,19,143
10/05/2015 08:00:00 AM,171,14,157
10/05/2015 09:00:00 AM,61,7,54
10/05/2015 10:00:00 AM,20,2,18
10/05/2015 11:00:00 AM,24,7,17
10/05/2015 12:00:00 PM,20,9,11
10/05/2015 01:00:00 PM,28,14,14
10/05/2015 02:00:00 PM,36,20,16
10/05/2015 03:00:00 PM,62,44,18
10/05/2015 04:00:00 PM,157,127,30
10/05/2015 05:00:00 PM,183,164,19
10/05/2015 06:00:00 PM,102,89,13
10/05/2015 07:00:00 PM,30,23,7
10/05/2015 08:00:00 PM,21,16,5
10/05/2015 09:00:00 PM,15,14,1
10/05/2015 10:00:00 PM,7,5,2
10/05/2015 11:00:00 PM,3,2,1
10/06/2015 12:00:00 AM,1,1,0
10/06/2015 01:00:00 AM,2,2,0
10/06/2015 02:00:00 AM,2,1,1
10/06/2015 03:00:00 AM,2,1,1
10/06/2015 04:00:00 AM,5,2,3
10/06/2015 05:00:00 AM,34,4,30
10/06/2015 06:00:00 AM,82,19,63
10/06/2015 07:00:00 AM,151,13,138
10/06/2015 08:00:00 AM,170,11,159
10/06/2015 09:00:00 AM,55,11,44
10/06/2015 10:00:00 AM,20,6,14
10/06/2015 11:00:00 AM,13,2,11
10/06/2015 12:00:00 PM,15,11,4
10/06/2015 01:00:00 PM,25,13,12
10/06/2015 02:00:00 PM,32,18,14
10/06/2015 03:00:00 PM,35,25,10
10/06/2015 04:00:00 PM,104,84,20
10/06/2015 05:00:00 PM,187,158,29
10/06/2015 06:00:00 PM,132,117,15
10/06/2015 07:00:00 PM,44,41,3
10/06/2015 08:00:00 PM,20,14,6
10/06/2015 09:00:00 PM,10,10,0
10/06/2015 10:00:00 PM,7,5,2
10/06/2015 11:00:00 PM,1,1,0
10/07/2015 12:00:00 AM,2,1,1
10/07/2015 01:00:00 AM,1,1,0
10/07/2015 02:00:00 AM,2,1,1
10/07/2015 03:00:00 AM,1,1,0
10/07/2015 04:00:00 AM,2,0,2
10/07/2015 05:00:00 AM,21,4,17
10/07/2015 06:00:00 AM,47,6,41
10/07/2015 07:00:00 AM,94,14,80
10/07/2015 08:00:00 AM,99,3,96
10/07/2015 09:00:00 AM,24,2,22
10/07/2015 10:00:00 AM,10,2,8
10/07/2015 11:00:00 AM,14,2,12
10/07/2015 12:00:00 PM,6,4,2
10/07/2015 01:00:00 PM,8,5,3
10/07/2015 02:00:00 PM,12,8,4
10/07/2015 03:00:00 PM,25,19,6
10/07/2015 04:00:00 PM,69,50,19
10/07/2015 05:00:00 PM,105,93,12
10/07/2015 06:00:00 PM,71,67,4
10/07/2015 07:00:00 PM,30,30,0
10/07/2015 08:00:00 PM,12,8,4
10/07/2015 09:00:00 PM,12,8,4
10/07/2015 10:00:00 PM,5,4,1
10/07/2015 11:00:00 PM,1,1,0
10/08/2015 12:00:00 AM,1,0,1
10/08/2015 01:00:00 AM,2,1,1
10/08/2015 02:00:00 AM,1,1,0
10/08/2015 03:00:00 AM,0,0,0
10/08/2015 04:00:00 AM,6,0,6
10/08/2015 05:00:00 AM,33,8,25
10/08/2015 06:00:00 AM,80,16,64
10/08/2015 07:00:00 AM,127,24,103
10/08/2015 08:00:00 AM,139,22,117
10/08/2015 09:00:00 AM,59,11,48
10/08/2015 10:00:00 AM,30,14,16
10/08/2015 11:00:00 AM,15,6,9
10/08/2015 12:00:00 PM,30,14,16
10/08/2015 01:00:00 PM,22,6,16
10/08/2015 02:00:00 PM,27,12,15
10/08/2015 03:00:00 PM,44,33,11
10/08/2015 04:00:00 PM,103,89,14
10/08/2015 05:00:00 PM,162,136,26
10/08/2015 06:00:00 PM,82,74,8
10/08/2015 07:00:00 PM,38,34,4
10/08/2015 08:00:00 PM,68,64,4
10/08/2015 09:00:00 PM,9,4,5
10/08/2015 10:00:00 PM,13,11,2
10/08/2015 11:00:00 PM,7,2,5
10/09/2015 12:00:00 AM,2,0,2
10/09/2015 01:00:00 AM,1,1,0
10/09/2015 02:00:00 AM,2,1,1
10/09/2015 03:00:00 AM,5,2,3
10/09/2015 04:00:00 AM,4,0,4
10/09/2015 05:00:00 AM,23,3,20
10/09/2015 06:00:00 AM,45,10,35
10/09/2015 07:00:00 AM,113,15,98
10/09/2015 08:00:00 AM,100,6,94
10/09/2015 09:00:00 AM,40,7,33
10/09/2015 10:00:00 AM,24,9,15
10/09/2015 11:00:00 AM,13,8,5
10/09/2015 12:00:00 PM,10,3,7
10/09/2015 01:00:00 PM,17,9,8
10/09/2015 02:00:00 PM,28,15,13
10/09/2015 03:00:00 PM,50,31,19
10/09/2015 04:00:00 PM,83,73,10
10/09/2015 05:00:00 PM,106,91,15
10/09/2015 06:00:00 PM,65,59,6
10/09/2015 07:00:00 PM,31,27,4
10/09/2015 08:00:00 PM,7,5,2
10/09/2015 09:00:00 PM,16,11,5
10/09/2015 10:00:00 PM,4,2,2
10/09/2015 11:00:00 PM,3,2,1
10/10/2015 12:00:00 AM,2,1,1
10/10/2015 01:00:00 AM,3,2,1
10/10/2015 02:00:00 AM,1,1,0
10/10/2015 03:00:00 AM,2,1,1
10/10/2015 04:00:00 AM,0,0,0
10/10/2015 05:00:00 AM,3,1,2
10/10/2015 06:00:00 AM,4,0,4
10/10/2015 07:00:00 AM,3,1,2
10/10/2015 08:00:00 AM,13,6,7
10/10/2015 09:00:00 AM,13,4,9
10/10/2015 10:00:00 AM,4,3,1
10/10/2015 11:00:00 AM,3,3,0
10/10/2015 12:00:00 PM,13,9,4
10/10/2015 01:00:00 PM,7,1,6
10/10/2015 02:00:00 PM,4,3,1
10/10/2015 03:00:00 PM,2,1,1
10/10/2015 04:00:00 PM,5,5,0
10/10/2015 05:00:00 PM,7,5,2
10/10/2015 06:00:00 PM,10,6,4
10/10/2015 07:00:00 PM,4,2,2
10/10/2015 08:00:00 PM,0,0,0
10/10/2015 09:00:00 PM,3,1,2
10/10/2015 10:00:00 PM,4,2,2
10/10/2015 11:00:00 PM,4,1,3
10/11/2015 12:00:00 AM,3,2,1
10/11/2015 01:00:00 AM,0,0,0
10/11/2015 02:00:00 AM,2,0,2
10/11/2015 03:00:00 AM,2,1,1
10/11/2015 04:00:00 AM,1,1,0
10/11/2015 05:00:00 AM,3,0,3
10/11/2015 06:00:00 AM,5,2,3
10/11/2015 07:00:00 AM,6,4,2
10/11/2015 08:00:00 AM,18,3,15
10/11/2015 09:00:00 AM,29,11,18
10/11/2015 10:00:00 AM,30,20,10
10/11/2015 11:00:00 AM,44,16,28
10/11/2015 12:00:00 PM,53,21,32
10/11/2015 01:00:00 PM,47,24,23
10/11/2015 02:00:00 PM,60,28,32
10/11/2015 03:00:00 PM,58,34,24
10/11/2015 04:00:00 PM,39,21,18
10/11/2015 05:00:00 PM,31,15,16
10/11/2015 06:00:00 PM,24,17,7
10/11/2015 07:00:00 PM,10,7,3
10/11/2015 08:00:00 PM,11,4,7
10/11/2015 09:00:00 PM,2,1,1
10/11/2015 10:00:00 PM,4,3,1
10/11/2015 11:00:00 PM,3,0,3
10/12/2015 12:00:00 AM,0,0,0
10/12/2015 01:00:00 AM,0,0,0
10/12/2015 02:00:00 AM,2,1,1
10/12/2015 03:00:00 AM,2,1,1
10/12/2015 04:00:00 AM,6,0,6
10/12/2015 05:00:00 AM,17,3,14
10/12/2015 06:00:00 AM,59,9,50
10/12/2015 07:00:00 AM,126,10,116
10/12/2015 08:00:00 AM,158,13,145
10/12/2015 09:00:00 AM,55,8,47
10/12/2015 10:00:00 AM,27,6,21
10/12/2015 11:00:00 AM,11,3,8
10/12/2015 12:00:00 PM,14,9,5
10/12/2015 01:00:00 PM,24,11,13
10/12/2015 02:00:00 PM,23,13,10
10/12/2015 03:00:00 PM,42,31,11
10/12/2015 04:00:00 PM,93,73,20
10/12/2015 05:00:00 PM,149,132,17
10/12/2015 06:00:00 PM,90,79,11
10/12/2015 07:00:00 PM,31,28,3
10/12/2015 08:00:00 PM,18,13,5
10/12/2015 09:00:00 PM,6,6,0
10/12/2015 10:00:00 PM,1,1,0
10/12/2015 11:00:00 PM,1,1,0
10/13/2015 12:00:00 AM,0,0,0
10/13/2015 01:00:00 AM,0,0,0
10/13/2015 02:00:00 AM,1,0,1
10/13/2015 03:00:00 AM,5,2,3
10/13/2015 04:00:00 AM,4,3,1
10/13/2015 05:00:00 AM,26,2,24
10/13/2015 06:00:00 AM,61,10,51
10/13/2015 07:00:00 AM,115,15,100
10/13/2015 08:00:00 AM,131,14,117
10/13/2015 09:00:00 AM,54,8,46
10/13/2015 10:00:00 AM,15,3,12
10/13/2015 11:00:00 AM,12,2,10
10/13/2015 12:00:00 PM,21,11,10
10/13/2015 01:00:00 PM,23,9,14
10/13/2015 02:00:00 PM,24,16,8
10/13/2015 03:00:00 PM,43,29,14
10/13/2015 04:00:00 PM,73,60,13
10/13/2015 05:00:00 PM,172,141,31
10/13/2015 06:00:00 PM,107,95,12
10/13/2015 07:00:00 PM,35,32,3
10/13/2015 08:00:00 PM,14,10,4
10/13/2015 09:00:00 PM,11,9,2
10/13/2015 10:00:00 PM,6,4,2
10/13/2015 11:00:00 PM,3,2,1
10/14/2015 12:00:00 AM,1,0,1
10/14/2015 01:00:00 AM,0,0,0
10/14/2015 02:00:00 AM,1,0,1
10/14/2015 03:00:00 AM,1,1,0
10/14/2015 04:00:00 AM,5,1,4
10/14/2015 05:00:00 AM,34,3,31
10/14/2015 06:00:00 AM,79,11,68
10/14/2015 07:00:00 AM,140,10,130
10/14/2015 08:00:00 AM,138,10,128
10/14/2015 09:00:00 AM,54,4,50
10/14/2015 10:00:00 AM,41,6,35
10/14/2015 11:00:00 AM,12,6,6
10/14/2015 12:00:00 PM,16,7,9
10/14/2015 01:00:00 PM,21,10,11
10/14/2015 02:00:00 PM,28,18,10
10/14/2015 03:00:00 PM,37,25,12
10/14/2015 04:00:00 PM,130,101,29
10/14/2015 05:00:00 PM,165,146,19
10/14/2015 06:00:00 PM,119,101,18
10/14/2015 07:00:00 PM,53,39,14
10/14/2015 08:00:00 PM,31,21,10
10/14/2015 09:00:00 PM,10,7,3
10/14/2015 10:00:00 PM,7,4,3
10/14/2015 11:00:00 PM,2,1,1
10/15/2015 12:00:00 AM,2,1,1
10/15/2015 01:00:00 AM,0,0,0
10/15/2015 02:00:00 AM,0,0,0
10/15/2015 03:00:00 AM,0,0,0
10/15/2015 04:00:00 AM,6,1,5
10/15/2015 05:00:00 AM,26,3,23
10/15/2015 06:00:00 AM,64,9,55
10/15/2015 07:00:00 AM,131,10,121
10/15/2015 08:00:00 AM,122,4,118
10/15/2015 09:00:00 AM,45,3,42
10/15/2015 10:00:00 AM,24,5,19
10/15/2015 11:00:00 AM,25,10,15
10/15/2015 12:00:00 PM,21,14,7
10/15/2015 01:00:00 PM,36,15,21
10/15/2015 02:00:00 PM,32,22,10
10/15/2015 03:00:00 PM,43,31,12
10/15/2015 04:00:00 PM,88,73,15
10/15/2015 05:00:00 PM,145,133,12
10/15/2015 06:00:00 PM,92,78,14
10/15/2015 07:00:00 PM,33,23,10
10/15/2015 08:00:00 PM,22,20,2
10/15/2015 09:00:00 PM,13,8,5
10/15/2015 10:00:00 PM,6,5,1
10/15/2015 11:00:00 PM,3,2,1
10/16/2015 12:00:00 AM,4,3,1
10/16/2015 01:00:00 AM,3,1,2
10/16/2015 02:00:00 AM,6,5,1
10/16/2015 03:00:00 AM,0,0,0
10/16/2015 04:00:00 AM,11,1,10
10/16/2015 05:00:00 AM,23,7,16
10/16/2015 06:00:00 AM,59,7,52
10/16/2015 07:00:00 AM,100,10,90
10/16/2015 08:00:00 AM,139,9,130
10/16/2015 09:00:00 AM,54,11,43
10/16/2015 10:00:00 AM,22,7,15
10/16/2015 11:00:00 AM,23,14,9
10/16/2015 12:00:00 PM,19,11,8
10/16/2015 01:00:00 PM,39,16,23
10/16/2015 02:00:00 PM,32,17,15
10/16/2015 03:00:00 PM,54,36,18
10/16/2015 04:00:00 PM,98,82,16
10/16/2015 05:00:00 PM,158,125,33
10/16/2015 06:00:00 PM,91,75,16
10/16/2015 07:00:00 PM,21,14,7
10/16/2015 08:00:00 PM,15,10,5
10/16/2015 09:00:00 PM,4,2,2
10/16/2015 10:00:00 PM,3,2,1
10/16/2015 11:00:00 PM,4,4,0
10/17/2015 12:00:00 AM,2,1,1
10/17/2015 01:00:00 AM,0,0,0
10/17/2015 02:00:00 AM,2,1,1
10/17/2015 03:00:00 AM,2,1,1
10/17/2015 04:00:00 AM,4,1,3
10/17/2015 05:00:00 AM,8,4,4
10/17/2015 06:00:00 AM,5,1,4
10/17/2015 07:00:00 AM,8,1,7
10/17/2015 08:00:00 AM,21,7,14
10/17/2015 09:00:00 AM,35,20,15
10/17/2015 10:00:00 AM,37,26,11
10/17/2015 11:00:00 AM,35,14,21
10/17/2015 12:00:00 PM,32,17,15
10/17/2015 01:00:00 PM,30,13,17
10/17/2015 02:00:00 PM,40,18,22
10/17/2015 03:00:00 PM,42,29,13
10/17/2015 04:00:00 PM,33,17,16
10/17/2015 05:00:00 PM,22,13,9
10/17/2015 06:00:00 PM,11,7,4
10/17/2015 07:00:00 PM,2,2,0
10/17/2015 08:00:00 PM,6,2,4
10/17/2015 09:00:00 PM,2,0,2
10/17/2015 10:00:00 PM,2,2,0
10/17/2015 11:00:00 PM,6,6,0
10/18/2015 12:00:00 AM,3,2,1
10/18/2015 01:00:00 AM,0,0,0
10/18/2015 02:00:00 AM,3,2,1
10/18/2015 03:00:00 AM,3,2,1
10/18/2015 04:00:00 AM,3,1,2
10/18/2015 05:00:00 AM,7,0,7
10/18/2015 06:00:00 AM,1,0,1
10/18/2015 07:00:00 AM,4,1,3
10/18/2015 08:00:00 AM,8,4,4
10/18/2015 09:00:00 AM,19,3,16
10/18/2015 10:00:00 AM,20,14,6
10/18/2015 11:00:00 AM,13,5,8
10/18/2015 12:00:00 PM,14,7,7
10/18/2015 01:00:00 PM,20,9,11
10/18/2015 02:00:00 PM,17,6,11
10/18/2015 03:00:00 PM,9,6,3
10/18/2015 04:00:00 PM,11,9,2
10/18/2015 05:00:00 PM,9,6,3
10/18/2015 06:00:00 PM,6,4,2
10/18/2015 07:00:00 PM,6,6,0
10/18/2015 08:00:00 PM,3,3,0
10/18/2015 09:00:00 PM,1,1,0
10/18/2015 10:00:00 PM,2,0,2
10/18/2015 11:00:00 PM,2,1,1
10/19/2015 12:00:00 AM,1,0,1
10/19/2015 01:00:00 AM,1,1,0
10/19/2015 02:00:00 AM,0,0,0
10/19/2015 03:00:00 AM,3,2,1
10/19/2015 04:00:00 AM,6,0,6
10/19/2015 05:00:00 AM,19,1,18
10/19/2015 06:00:00 AM,64,14,50
10/19/2015 07:00:00 AM,116,17,99
10/19/2015 08:00:00 AM,116,14,102
10/19/2015 09:00:00 AM,31,8,23
10/19/2015 10:00:00 AM,20,8,12
10/19/2015 11:00:00 AM,11,4,7
10/19/2015 12:00:00 PM,16,11,5
10/19/2015 01:00:00 PM,13,6,7
10/19/2015 02:00:00 PM,20,13,7
10/19/2015 03:00:00 PM,33,25,8
10/19/2015 04:00:00 PM,88,75,13
10/19/2015 05:00:00 PM,147,126,21
10/19/2015 06:00:00 PM,75,66,9
10/19/2015 07:00:00 PM,25,24,1
10/19/2015 08:00:00 PM,10,9,1
10/19/2015 09:00:00 PM,9,7,2
10/19/2015 10:00:00 PM,8,3,5
10/19/2015 11:00:00 PM,3,3,0
10/20/2015 12:00:00 AM,3,2,1
10/20/2015 01:00:00 AM,3,1,2
10/20/2015 02:00:00 AM,1,0,1
10/20/2015 03:00:00 AM,2,1,1
10/20/2015 04:00:00 AM,4,2,2
10/20/2015 05:00:00 AM,31,7,24
10/20/2015 06:00:00 AM,70,15,55
10/20/2015 07:00:00 AM,139,24,115
10/20/2015 08:00:00 AM,142,7,135
10/20/2015 09:00:00 AM,54,10,44
10/20/2015 10:00:00 AM,19,6,13
10/20/2015 11:00:00 AM,17,5,12
10/20/2015 12:00:00 PM,28,13,15
10/20/2015 01:00:00 PM,24,13,11
10/20/2015 02:00:00 PM,35,15,20
10/20/2015 03:00:00 PM,34,25,9
10/20/2015 04:00:00 PM,116,94,22
10/20/2015 05:00:00 PM,185,165,20
10/20/2015 06:00:00 PM,93,84,9
10/20/2015 07:00:00 PM,39,29,10
10/20/2015 08:00:00 PM,16,10,6
10/20/2015 09:00:00 PM,12,11,1
10/20/2015 10:00:00 PM,4,4,0
10/20/2015 11:00:00 PM,3,2,1
10/21/2015 12:00:00 AM,6,3,3
10/21/2015 01:00:00 AM,3,2,1
10/21/2015 02:00:00 AM,1,1,0
10/21/2015 03:00:00 AM,2,1,1
10/21/2015 04:00:00 AM,5,1,4
10/21/2015 05:00:00 AM,28,3,25
10/21/2015 06:00:00 AM,69,10,59
10/21/2015 07:00:00 AM,141,16,125
10/21/2015 08:00:00 AM,124,6,118
10/21/2015 09:00:00 AM,48,5,43
10/21/2015 10:00:00 AM,22,4,18
10/21/2015 11:00:00 AM,12,7,5
10/21/2015 12:00:00 PM,22,10,12
10/21/2015 01:00:00 PM,20,8,12
10/21/2015 02:00:00 PM,39,18,21
10/21/2015 03:00:00 PM,31,27,4
10/21/2015 04:00:00 PM,94,74,20
10/21/2015 05:00:00 PM,170,149,21
10/21/2015 06:00:00 PM,102,83,19
10/21/2015 07:00:00 PM,32,25,7
10/21/2015 08:00:00 PM,15,13,2
10/21/2015 09:00:00 PM,17,13,4
10/21/2015 10:00:00 PM,7,6,1
10/21/2015 11:00:00 PM,2,2,0
10/22/2015 12:00:00 AM,4,3,1
10/22/2015 01:00:00 AM,0,0,0
10/22/2015 02:00:00 AM,0,0,0
10/22/2015 03:00:00 AM,2,0,2
10/22/2015 04:00:00 AM,5,0,5
10/22/2015 05:00:00 AM,22,5,17
10/22/2015 06:00:00 AM,74,8,66
10/22/2015 07:00:00 AM,110,12,98
10/22/2015 08:00:00 AM,146,12,134
10/22/2015 09:00:00 AM,61,12,49
10/22/2015 10:00:00 AM,19,5,14
10/22/2015 11:00:00 AM,19,8,11
10/22/2015 12:00:00 PM,28,15,13
10/22/2015 01:00:00 PM,26,7,19
10/22/2015 02:00:00 PM,35,20,15
10/22/2015 03:00:00 PM,48,29,19
10/22/2015 04:00:00 PM,98,78,20
10/22/2015 05:00:00 PM,164,145,19
10/22/2015 06:00:00 PM,81,71,10
10/22/2015 07:00:00 PM,35,26,9
10/22/2015 08:00:00 PM,16,11,5
10/22/2015 09:00:00 PM,11,8,3
10/22/2015 10:00:00 PM,4,4,0
10/22/2015 11:00:00 PM,5,4,1
10/23/2015 12:00:00 AM,4,2,2
10/23/2015 01:00:00 AM,0,0,0
10/23/2015 02:00:00 AM,4,3,1
10/23/2015 03:00:00 AM,2,0,2
10/23/2015 04:00:00 AM,5,0,5
10/23/2015 05:00:00 AM,22,1,21
10/23/2015 06:00:00 AM,61,7,54
10/23/2015 07:00:00 AM,103,13,90
10/23/2015 08:00:00 AM,115,9,106
10/23/2015 09:00:00 AM,50,10,40
10/23/2015 10:00:00 AM,14,1,13
10/23/2015 11:00:00 AM,16,9,7
10/23/2015 12:00:00 PM,30,14,16
10/23/2015 01:00:00 PM,23,10,13
10/23/2015 02:00:00 PM,26,17,9
10/23/2015 03:00:00 PM,41,30,11
10/23/2015 04:00:00 PM,81,65,16
10/23/2015 05:00:00 PM,135,111,24
10/23/2015 06:00:00 PM,70,62,8
10/23/2015 07:00:00 PM,19,13,6
10/23/2015 08:00:00 PM,15,10,5
10/23/2015 09:00:00 PM,6,5,1
10/23/2015 10:00:00 PM,9,8,1
10/23/2015 11:00:00 PM,6,5,1
10/24/2015 12:00:00 AM,4,3,1
10/24/2015 01:00:00 AM,1,1,0
10/24/2015 02:00:00 AM,1,0,1
10/24/2015 03:00:00 AM,1,0,1
10/24/2015 04:00:00 AM,0,0,0
10/24/2015 05:00:00 AM,9,3,6
10/24/2015 06:00:00 AM,7,0,7
10/24/2015 07:00:00 AM,7,2,5
10/24/2015 08:00:00 AM,14,7,7
10/24/2015 09:00:00 AM,29,14,15
10/24/2015 10:00:00 AM,24,10,14
10/24/2015 11:00:00 AM,39,25,14
10/24/2015 12:00:00 PM,33,9,24
10/24/2015 01:00:00 PM,34,11,23
10/24/2015 02:00:00 PM,30,11,19
10/24/2015 03:00:00 PM,38,24,14
10/24/2015 04:00:00 PM,29,17,12
10/24/2015 05:00:00 PM,24,12,12
10/24/2015 06:00:00 PM,7,6,1
10/24/2015 07:00:00 PM,7,3,4
10/24/2015 08:00:00 PM,9,5,4
10/24/2015 09:00:00 PM,6,5,1
10/24/2015 10:00:00 PM,5,3,2
10/24/2015 11:00:00 PM,3,2,1
10/25/2015 12:00:00 AM,4,1,3
10/25/2015 01:00:00 AM,0,0,0
10/25/2015 02:00:00 AM,3,2,1
10/25/2015 03:00:00 AM,2,2,0
10/25/2015 04:00:00 AM,0,0,0
10/25/2015 05:00:00 AM,5,0,5
10/25/2015 06:00:00 AM,4,1,3
10/25/2015 07:00:00 AM,8,3,5
10/25/2015 08:00:00 AM,13,5,8
10/25/2015 09:00:00 AM,22,10,12
10/25/2015 10:00:00 AM,29,15,14
10/25/2015 11:00:00 AM,23,11,12
10/25/2015 12:00:00 PM,41,16,25
10/25/2015 01:00:00 PM,30,13,17
10/25/2015 02:00:00 PM,45,27,18
10/25/2015 03:00:00 PM,28,14,14
10/25/2015 04:00:00 PM,19,10,9
10/25/2015 05:00:00 PM,8,3,5
10/25/2015 06:00:00 PM,9,6,3
10/25/2015 07:00:00 PM,4,3,1
10/25/2015 08:00:00 PM,0,0,0
10/25/2015 09:00:00 PM,0,0,0
10/25/2015 10:00:00 PM,4,4,0
10/25/2015 11:00:00 PM,0,0,0
10/26/2015 12:00:00 AM,1,1,0
10/26/2015 01:00:00 AM,0,0,0
10/26/2015 02:00:00 AM,2,0,2
10/26/2015 03:00:00 AM,2,1,1
10/26/2015 04:00:00 AM,4,1,3
10/26/2015 05:00:00 AM,18,1,17
10/26/2015 06:00:00 AM,41,7,34
10/26/2015 07:00:00 AM,85,10,75
10/26/2015 08:00:00 AM,94,9,85
10/26/2015 09:00:00 AM,37,2,35
10/26/2015 10:00:00 AM,16,3,13
10/26/2015 11:00:00 AM,2,1,1
10/26/2015 12:00:00 PM,7,6,1
10/26/2015 01:00:00 PM,6,3,3
10/26/2015 02:00:00 PM,25,17,8
10/26/2015 03:00:00 PM,26,24,2
10/26/2015 04:00:00 PM,55,44,11
10/26/2015 05:00:00 PM,116,106,10
10/26/2015 06:00:00 PM,63,60,3
10/26/2015 07:00:00 PM,24,20,4
10/26/2015 08:00:00 PM,14,10,4
10/26/2015 09:00:00 PM,11,9,2
10/26/2015 10:00:00 PM,5,3,2
10/26/2015 11:00:00 PM,1,1,0
10/27/2015 12:00:00 AM,1,0,1
10/27/2015 01:00:00 AM,2,2,0
10/27/2015 02:00:00 AM,1,0,1
10/27/2015 03:00:00 AM,3,1,2
10/27/2015 04:00:00 AM,5,0,5
10/27/2015 05:00:00 AM,24,5,19
10/27/2015 06:00:00 AM,75,18,57
10/27/2015 07:00:00 AM,135,13,122
10/27/2015 08:00:00 AM,143,9,134
10/27/2015 09:00:00 AM,53,5,48
10/27/2015 10:00:00 AM,24,5,19
10/27/2015 11:00:00 AM,21,9,12
10/27/2015 12:00:00 PM,28,19,9
10/27/2015 01:00:00 PM,32,12,20
10/27/2015 02:00:00 PM,26,17,9
10/27/2015 03:00:00 PM,41,29,12
10/27/2015 04:00:00 PM,92,66,26
10/27/2015 05:00:00 PM,168,146,22
10/27/2015 06:00:00 PM,97,83,14
10/27/2015 07:00:00 PM,38,34,4
10/27/2015 08:00:00 PM,11,6,5
10/27/2015 09:00:00 PM,12,12,0
10/27/2015 10:00:00 PM,11,9,2
10/27/2015 11:00:00 PM,4,3,1
10/28/2015 12:00:00 AM,2,1,1
10/28/2015 01:00:00 AM,0,0,0
10/28/2015 02:00:00 AM,1,0,1
10/28/2015 03:00:00 AM,1,0,1
10/28/2015 04:00:00 AM,4,1,3
10/28/2015 05:00:00 AM,18,3,15
10/28/2015 06:00:00 AM,57,11,46
10/28/2015 07:00:00 AM,99,10,89
10/28/2015 08:00:00 AM,109,5,104
10/28/2015 09:00:00 AM,37,5,32
10/28/2015 10:00:00 AM,10,1,9
10/28/2015 11:00:00 AM,8,2,6
10/28/2015 12:00:00 PM,11,7,4
10/28/2015 01:00:00 PM,9,5,4
10/28/2015 02:00:00 PM,16,11,5
10/28/2015 03:00:00 PM,30,25,5
10/28/2015 04:00:00 PM,58,49,9
10/28/2015 05:00:00 PM,121,110,11
10/28/2015 06:00:00 PM,64,55,9
10/28/2015 07:00:00 PM,28,23,5
10/28/2015 08:00:00 PM,13,9,4
10/28/2015 09:00:00 PM,14,11,3
10/28/2015 10:00:00 PM,8,7,1
10/28/2015 11:00:00 PM,5,3,2
10/29/2015 12:00:00 AM,4,1,3
10/29/2015 01:00:00 AM,4,1,3
10/29/2015 02:00:00 AM,0,0,0
10/29/2015 03:00:00 AM,1,1,0
10/29/2015 04:00:00 AM,4,0,4
10/29/2015 05:00:00 AM,16,3,13
10/29/2015 06:00:00 AM,62,12,50
10/29/2015 07:00:00 AM,105,16,89
10/29/2015 08:00:00 AM,125,12,113
10/29/2015 09:00:00 AM,33,7,26
10/29/2015 10:00:00 AM,21,3,18
10/29/2015 11:00:00 AM,16,6,10
10/29/2015 12:00:00 PM,11,6,5
10/29/2015 01:00:00 PM,18,6,12
10/29/2015 02:00:00 PM,17,15,2
10/29/2015 03:00:00 PM,45,31,14
10/29/2015 04:00:00 PM,68,57,11
10/29/2015 05:00:00 PM,122,107,15
10/29/2015 06:00:00 PM,73,67,6
10/29/2015 07:00:00 PM,25,20,5
10/29/2015 08:00:00 PM,18,16,2
10/29/2015 09:00:00 PM,8,6,2
10/29/2015 10:00:00 PM,9,8,1
10/29/2015 11:00:00 PM,5,3,2
10/30/2015 12:00:00 AM,2,1,1
10/30/2015 01:00:00 AM,2,2,0
10/30/2015 02:00:00 AM,0,0,0
10/30/2015 03:00:00 AM,6,3,3
10/30/2015 04:00:00 AM,3,0,3
10/30/2015 05:00:00 AM,11,1,10
10/30/2015 06:00:00 AM,27,7,20
10/30/2015 07:00:00 AM,62,10,52
10/30/2015 08:00:00 AM,61,9,52
10/30/2015 09:00:00 AM,33,0,33
10/30/2015 10:00:00 AM,9,1,8
10/30/2015 11:00:00 AM,10,4,6
10/30/2015 12:00:00 PM,14,7,7
10/30/2015 01:00:00 PM,12,7,5
10/30/2015 02:00:00 PM,15,13,2
10/30/2015 03:00:00 PM,21,11,10
10/30/2015 04:00:00 PM,55,43,12
10/30/2015 05:00:00 PM,73,62,11
10/30/2015 06:00:00 PM,39,33,6
10/30/2015 07:00:00 PM,18,15,3
10/30/2015 08:00:00 PM,6,5,1
10/30/2015 09:00:00 PM,5,4,1
10/30/2015 10:00:00 PM,2,1,1
10/30/2015 11:00:00 PM,4,4,0
10/31/2015 12:00:00 AM,1,1,0
10/31/2015 01:00:00 AM,2,2,0
10/31/2015 02:00:00 AM,0,0,0
10/31/2015 03:00:00 AM,1,1,0
10/31/2015 04:00:00 AM,0,0,0
10/31/2015 05:00:00 AM,3,0,3
10/31/2015 06:00:00 AM,2,0,2
10/31/2015 07:00:00 AM,2,0,2
10/31/2015 08:00:00 AM,6,1,5
10/31/2015 09:00:00 AM,10,4,6
10/31/2015 10:00:00 AM,4,1,3
10/31/2015 11:00:00 AM,8,4,4
10/31/2015 12:00:00 PM,5,3,2
10/31/2015 01:00:00 PM,4,2,2
10/31/2015 02:00:00 PM,11,8,3
10/31/2015 03:00:00 PM,16,10,6
10/31/2015 04:00:00 PM,6,4,2
10/31/2015 05:00:00 PM,5,1,4
10/31/2015 06:00:00 PM,8,4,4
10/31/2015 07:00:00 PM,6,5,1
10/31/2015 08:00:00 PM,6,5,1
10/31/2015 09:00:00 PM,0,0,0
10/31/2015 10:00:00 PM,0,0,0
10/31/2015 11:00:00 PM,2,1,1
11/01/2015 12:00:00 AM,15,13,2
11/01/2015 01:00:00 AM,5,3,2
11/01/2015 02:00:00 AM,6,0,6
11/01/2015 03:00:00 AM,0,0,0
11/01/2015 04:00:00 AM,0,0,0
11/01/2015 05:00:00 AM,2,0,2
11/01/2015 06:00:00 AM,2,1,1
11/01/2015 07:00:00 AM,8,4,4
11/01/2015 08:00:00 AM,17,4,13
11/01/2015 09:00:00 AM,13,4,9
11/01/2015 10:00:00 AM,11,6,5
11/01/2015 11:00:00 AM,25,16,9
11/01/2015 12:00:00 PM,6,6,0
11/01/2015 01:00:00 PM,7,3,4
11/01/2015 02:00:00 PM,10,2,8
11/01/2015 03:00:00 PM,4,2,2
11/01/2015 04:00:00 PM,7,3,4
11/01/2015 05:00:00 PM,15,7,8
11/01/2015 06:00:00 PM,4,3,1
11/01/2015 07:00:00 PM,4,3,1
11/01/2015 08:00:00 PM,5,4,1
11/01/2015 09:00:00 PM,1,1,0
11/01/2015 10:00:00 PM,1,1,0
11/01/2015 11:00:00 PM,2,1,1
11/02/2015 12:00:00 AM,0,0,0
11/02/2015 01:00:00 AM,1,1,0
11/02/2015 02:00:00 AM,1,0,1
11/02/2015 03:00:00 AM,2,2,0
11/02/2015 04:00:00 AM,2,2,0
11/02/2015 05:00:00 AM,20,1,19
11/02/2015 06:00:00 AM,75,10,65
11/02/2015 07:00:00 AM,127,15,112
11/02/2015 08:00:00 AM,127,12,115
11/02/2015 09:00:00 AM,37,2,35
11/02/2015 10:00:00 AM,11,3,8
11/02/2015 11:00:00 AM,11,3,8
11/02/2015 12:00:00 PM,15,5,10
11/02/2015 01:00:00 PM,17,10,7
11/02/2015 02:00:00 PM,21,13,8
11/02/2015 03:00:00 PM,40,33,7
11/02/2015 04:00:00 PM,82,68,14
11/02/2015 05:00:00 PM,153,139,14
11/02/2015 06:00:00 PM,73,66,7
11/02/2015 07:00:00 PM,24,21,3
11/02/2015 08:00:00 PM,15,10,5
11/02/2015 09:00:00 PM,5,4,1
11/02/2015 10:00:00 PM,2,0,2
11/02/2015 11:00:00 PM,2,2,0
11/03/2015 12:00:00 AM,1,0,1
11/03/2015 01:00:00 AM,0,0,0
11/03/2015 02:00:00 AM,0,0,0
11/03/2015 03:00:00 AM,3,1,2
11/03/2015 04:00:00 AM,4,0,4
11/03/2015 05:00:00 AM,21,1,20
11/03/2015 06:00:00 AM,69,7,62
11/03/2015 07:00:00 AM,131,15,116
11/03/2015 08:00:00 AM,141,11,130
11/03/2015 09:00:00 AM,44,6,38
11/03/2015 10:00:00 AM,13,5,8
11/03/2015 11:00:00 AM,9,4,5
11/03/2015 12:00:00 PM,15,9,6
11/03/2015 01:00:00 PM,17,6,11
11/03/2015 02:00:00 PM,30,19,11
11/03/2015 03:00:00 PM,29,21,8
11/03/2015 04:00:00 PM,99,81,18
11/03/2015 05:00:00 PM,146,130,16
11/03/2015 06:00:00 PM,86,81,5
11/03/2015 07:00:00 PM,26,24,2
11/03/2015 08:00:00 PM,13,8,5
11/03/2015 09:00:00 PM,5,3,2
11/03/2015 10:00:00 PM,4,3,1
11/03/2015 11:00:00 PM,1,1,0
11/04/2015 12:00:00 AM,4,2,2
11/04/2015 01:00:00 AM,0,0,0
11/04/2015 02:00:00 AM,1,1,0
11/04/2015 03:00:00 AM,1,1,0
11/04/2015 04:00:00 AM,4,0,4
11/04/2015 05:00:00 AM,19,2,17
11/04/2015 06:00:00 AM,72,11,61
11/04/2015 07:00:00 AM,136,15,121
11/04/2015 08:00:00 AM,124,8,116
11/04/2015 09:00:00 AM,47,5,42
11/04/2015 10:00:00 AM,29,7,22
11/04/2015 11:00:00 AM,21,12,9
11/04/2015 12:00:00 PM,28,11,17
11/04/2015 01:00:00 PM,21,10,11
11/04/2015 02:00:00 PM,28,15,13
11/04/2015 03:00:00 PM,49,39,10
11/04/2015 04:00:00 PM,80,66,14
11/04/2015 05:00:00 PM,144,125,19
11/04/2015 06:00:00 PM,91,85,6
11/04/2015 07:00:00 PM,36,33,3
11/04/2015 08:00:00 PM,26,16,10
11/04/2015 09:00:00 PM,13,10,3
11/04/2015 10:00:00 PM,12,10,2
11/04/2015 11:00:00 PM,1,1,0
11/05/2015 12:00:00 AM,1,0,1
11/05/2015 01:00:00 AM,0,0,0
11/05/2015 02:00:00 AM,1,1,0
11/05/2015 03:00:00 AM,2,1,1
11/05/2015 04:00:00 AM,2,0,2
11/05/2015 05:00:00 AM,15,1,14
11/05/2015 06:00:00 AM,52,7,45
11/05/2015 07:00:00 AM,107,6,101
11/05/2015 08:00:00 AM,100,8,92
11/05/2015 09:00:00 AM,41,7,34
11/05/2015 10:00:00 AM,21,2,19
11/05/2015 11:00:00 AM,12,2,10
11/05/2015 12:00:00 PM,9,5,4
11/05/2015 01:00:00 PM,16,8,8
11/05/2015 02:00:00 PM,13,7,6
11/05/2015 03:00:00 PM,26,19,7
11/05/2015 04:00:00 PM,54,48,6
11/05/2015 05:00:00 PM,106,94,12
11/05/2015 06:00:00 PM,73,64,9
11/05/2015 07:00:00 PM,29,27,2
11/05/2015 08:00:00 PM,16,12,4
11/05/2015 09:00:00 PM,12,10,2
11/05/2015 10:00:00 PM,5,4,1
11/05/2015 11:00:00 PM,5,4,1
11/06/2015 12:00:00 AM,2,1,1
11/06/2015 01:00:00 AM,3,2,1
11/06/2015 02:00:00 AM,2,1,1
11/06/2015 03:00:00 AM,2,0,2
11/06/2015 04:00:00 AM,2,0,2
11/06/2015 05:00:00 AM,19,4,15
11/06/2015 06:00:00 AM,45,6,39
11/06/2015 07:00:00 AM,79,8,71
11/06/2015 08:00:00 AM,99,9,90
11/06/2015 09:00:00 AM,40,2,38
11/06/2015 10:00:00 AM,17,3,14
11/06/2015 11:00:00 AM,10,2,8
11/06/2015 12:00:00 PM,15,7,8
11/06/2015 01:00:00 PM,27,15,12
11/06/2015 02:00:00 PM,32,21,11
11/06/2015 03:00:00 PM,38,31,7
11/06/2015 04:00:00 PM,70,53,17
11/06/2015 05:00:00 PM,83,74,9
11/06/2015 06:00:00 PM,52,47,5
11/06/2015 07:00:00 PM,22,13,9
11/06/2015 08:00:00 PM,13,9,4
11/06/2015 09:00:00 PM,12,8,4
11/06/2015 10:00:00 PM,5,4,1
11/06/2015 11:00:00 PM,7,4,3
11/07/2015 12:00:00 AM,3,2,1
11/07/2015 01:00:00 AM,0,0,0
11/07/2015 02:00:00 AM,0,0,0
11/07/2015 03:00:00 AM,2,0,2
11/07/2015 04:00:00 AM,0,0,0
11/07/2015 05:00:00 AM,8,0,8
11/07/2015 06:00:00 AM,6,2,4
11/07/2015 07:00:00 AM,6,2,4
11/07/2015 08:00:00 AM,14,5,9
11/07/2015 09:00:00 AM,5,3,2
11/07/2015 10:00:00 AM,9,5,4
11/07/2015 11:00:00 AM,7,2,5
11/07/2015 12:00:00 PM,10,6,4
11/07/2015 01:00:00 PM,5,4,1
11/07/2015 02:00:00 PM,9,6,3
11/07/2015 03:00:00 PM,5,0,5
11/07/2015 04:00:00 PM,6,5,1
11/07/2015 05:00:00 PM,6,4,2
11/07/2015 06:00:00 PM,3,2,1
11/07/2015 07:00:00 PM,2,2,0
11/07/2015 08:00:00 PM,1,1,0
11/07/2015 09:00:00 PM,1,1,0
11/07/2015 10:00:00 PM,4,4,0
11/07/2015 11:00:00 PM,3,2,1
11/08/2015 12:00:00 AM,0,0,0
11/08/2015 01:00:00 AM,1,1,0
11/08/2015 02:00:00 AM,0,0,0
11/08/2015 03:00:00 AM,1,1,0
11/08/2015 04:00:00 AM,1,1,0
11/08/2015 05:00:00 AM,3,1,2
11/08/2015 06:00:00 AM,4,0,4
11/08/2015 07:00:00 AM,6,1,5
11/08/2015 08:00:00 AM,14,5,9
11/08/2015 09:00:00 AM,7,2,5
11/08/2015 10:00:00 AM,20,11,9
11/08/2015 11:00:00 AM,11,7,4
11/08/2015 12:00:00 PM,8,1,7
11/08/2015 01:00:00 PM,13,10,3
11/08/2015 02:00:00 PM,23,8,15
11/08/2015 03:00:00 PM,32,19,13
11/08/2015 04:00:00 PM,25,13,12
11/08/2015 05:00:00 PM,16,11,5
11/08/2015 06:00:00 PM,2,2,0
11/08/2015 07:00:00 PM,6,4,2
11/08/2015 08:00:00 PM,3,3,0
11/08/2015 09:00:00 PM,2,2,0
11/08/2015 10:00:00 PM,0,0,0
11/08/2015 11:00:00 PM,3,3,0
11/09/2015 12:00:00 AM,1,0,1
11/09/2015 01:00:00 AM,0,0,0
11/09/2015 02:00:00 AM,2,2,0
11/09/2015 03:00:00 AM,2,1,1
11/09/2015 04:00:00 AM,5,0,5
11/09/2015 05:00:00 AM,16,0,16
11/09/2015 06:00:00 AM,57,6,51
11/09/2015 07:00:00 AM,122,16,106
11/09/2015 08:00:00 AM,100,10,90
11/09/2015 09:00:00 AM,40,3,37
11/09/2015 10:00:00 AM,12,3,9
11/09/2015 11:00:00 AM,9,5,4
11/09/2015 12:00:00 PM,11,5,6
11/09/2015 01:00:00 PM,8,3,5
11/09/2015 02:00:00 PM,26,16,10
11/09/2015 03:00:00 PM,32,25,7
11/09/2015 04:00:00 PM,83,69,14
11/09/2015 05:00:00 PM,126,109,17
11/09/2015 06:00:00 PM,65,56,9
11/09/2015 07:00:00 PM,29,28,1
11/09/2015 08:00:00 PM,12,9,3
11/09/2015 09:00:00 PM,8,7,1
11/09/2015 10:00:00 PM,0,0,0
11/09/2015 11:00:00 PM,3,2,1
11/10/2015 12:00:00 AM,2,1,1
11/10/2015 01:00:00 AM,1,0,1
11/10/2015 02:00:00 AM,1,1,0
11/10/2015 03:00:00 AM,2,0,2
11/10/2015 04:00:00 AM,1,0,1
11/10/2015 05:00:00 AM,22,4,18
11/10/2015 06:00:00 AM,67,10,57
11/10/2015 07:00:00 AM,123,15,108
11/10/2015 08:00:00 AM,129,7,122
11/10/2015 09:00:00 AM,57,7,50
11/10/2015 10:00:00 AM,25,6,19
11/10/2015 11:00:00 AM,23,11,12
11/10/2015 12:00:00 PM,17,10,7
11/10/2015 01:00:00 PM,13,2,11
11/10/2015 02:00:00 PM,32,19,13
11/10/2015 03:00:00 PM,32,23,9
11/10/2015 04:00:00 PM,82,63,19
11/10/2015 05:00:00 PM,137,125,12
11/10/2015 06:00:00 PM,69,56,13
11/10/2015 07:00:00 PM,41,37,4
11/10/2015 08:00:00 PM,20,13,7
11/10/2015 09:00:00 PM,6,5,1
11/10/2015 10:00:00 PM,9,7,2
11/10/2015 11:00:00 PM,1,0,1
11/11/2015 12:00:00 AM,0,0,0
11/11/2015 01:00:00 AM,0,0,0
11/11/2015 02:00:00 AM,0,0,0
11/11/2015 03:00:00 AM,1,1,0
11/11/2015 04:00:00 AM,4,1,3
11/11/2015 05:00:00 AM,9,1,8
11/11/2015 06:00:00 AM,36,6,30
11/11/2015 07:00:00 AM,86,5,81
11/11/2015 08:00:00 AM,117,10,107
11/11/2015 09:00:00 AM,38,6,32
11/11/2015 10:00:00 AM,24,7,17
11/11/2015 11:00:00 AM,16,8,8
11/11/2015 12:00:00 PM,32,19,13
11/11/2015 01:00:00 PM,26,15,11
11/11/2015 02:00:00 PM,47,23,24
11/11/2015 03:00:00 PM,45,22,23
11/11/2015 04:00:00 PM,74,60,14
11/11/2015 05:00:00 PM,110,96,14
11/11/2015 06:00:00 PM,76,63,13
11/11/2015 07:00:00 PM,35,26,9
11/11/2015 08:00:00 PM,14,11,3
11/11/2015 09:00:00 PM,7,6,1
11/11/2015 10:00:00 PM,7,6,1
11/11/2015 11:00:00 PM,6,3,3
11/12/2015 12:00:00 AM,2,0,2
11/12/2015 01:00:00 AM,4,1,3
11/12/2015 02:00:00 AM,0,0,0
11/12/2015 03:00:00 AM,1,0,1
11/12/2015 04:00:00 AM,2,0,2
11/12/2015 05:00:00 AM,16,4,12
11/12/2015 06:00:00 AM,53,7,46
11/12/2015 07:00:00 AM,119,11,108
11/12/2015 08:00:00 AM,96,8,88
11/12/2015 09:00:00 AM,41,4,37
11/12/2015 10:00:00 AM,17,4,13
11/12/2015 11:00:00 AM,9,3,6
11/12/2015 12:00:00 PM,16,10,6
11/12/2015 01:00:00 PM,9,4,5
11/12/2015 02:00:00 PM,18,10,8
11/12/2015 03:00:00 PM,34,29,5
11/12/2015 04:00:00 PM,55,46,9
11/12/2015 05:00:00 PM,109,98,11
11/12/2015 06:00:00 PM,51,42,9
11/12/2015 07:00:00 PM,21,18,3
11/12/2015 08:00:00 PM,11,10,1
11/12/2015 09:00:00 PM,8,7,1
11/12/2015 10:00:00 PM,3,1,2
11/12/2015 11:00:00 PM,2,2,0
11/13/2015 12:00:00 AM,3,2,1
11/13/2015 01:00:00 AM,0,0,0
11/13/2015 02:00:00 AM,1,0,1
11/13/2015 03:00:00 AM,1,0,1
11/13/2015 04:00:00 AM,2,0,2
11/13/2015 05:00:00 AM,7,2,5
11/13/2015 06:00:00 AM,21,3,18
11/13/2015 07:00:00 AM,47,9,38
11/13/2015 08:00:00 AM,55,3,52
11/13/2015 09:00:00 AM,23,2,21
11/13/2015 10:00:00 AM,7,1,6
11/13/2015 11:00:00 AM,8,4,4
11/13/2015 12:00:00 PM,7,4,3
11/13/2015 01:00:00 PM,7,4,3
11/13/2015 02:00:00 PM,5,3,2
11/13/2015 03:00:00 PM,17,15,2
11/13/2015 04:00:00 PM,36,27,9
11/13/2015 05:00:00 PM,49,44,5
11/13/2015 06:00:00 PM,26,22,4
11/13/2015 07:00:00 PM,7,7,0
11/13/2015 08:00:00 PM,9,6,3
11/13/2015 09:00:00 PM,0,0,0
11/13/2015 10:00:00 PM,5,4,1
11/13/2015 11:00:00 PM,3,3,0
11/14/2015 12:00:00 AM,1,0,1
11/14/2015 01:00:00 AM,0,0,0
11/14/2015 02:00:00 AM,0,0,0
11/14/2015 03:00:00 AM,1,0,1
11/14/2015 04:00:00 AM,1,0,1
11/14/2015 05:00:00 AM,5,0,5
11/14/2015 06:00:00 AM,2,1,1
11/14/2015 07:00:00 AM,4,0,4
11/14/2015 08:00:00 AM,9,1,8
11/14/2015 09:00:00 AM,4,2,2
11/14/2015 10:00:00 AM,1,0,1
11/14/2015 11:00:00 AM,3,2,1
11/14/2015 12:00:00 PM,9,5,4
11/14/2015 01:00:00 PM,7,3,4
11/14/2015 02:00:00 PM,8,5,3
11/14/2015 03:00:00 PM,5,4,1
11/14/2015 04:00:00 PM,4,3,1
11/14/2015 05:00:00 PM,4,3,1
11/14/2015 06:00:00 PM,2,1,1
11/14/2015 07:00:00 PM,5,3,2
11/14/2015 08:00:00 PM,4,2,2
11/14/2015 09:00:00 PM,2,2,0
11/14/2015 10:00:00 PM,3,3,0
11/14/2015 11:00:00 PM,1,0,1
11/15/2015 12:00:00 AM,1,0,1
11/15/2015 01:00:00 AM,1,1,0
11/15/2015 02:00:00 AM,0,0,0
11/15/2015 03:00:00 AM,1,1,0
11/15/2015 04:00:00 AM,2,0,2
11/15/2015 05:00:00 AM,1,0,1
11/15/2015 06:00:00 AM,1,0,1
11/15/2015 07:00:00 AM,3,1,2
11/15/2015 08:00:00 AM,8,1,7
11/15/2015 09:00:00 AM,7,3,4
11/15/2015 10:00:00 AM,5,2,3
11/15/2015 11:00:00 AM,9,4,5
11/15/2015 12:00:00 PM,24,12,12
11/15/2015 01:00:00 PM,19,9,10
11/15/2015 02:00:00 PM,32,14,18
11/15/2015 03:00:00 PM,29,11,18
11/15/2015 04:00:00 PM,15,8,7
11/15/2015 05:00:00 PM,10,6,4
11/15/2015 06:00:00 PM,0,0,0
11/15/2015 07:00:00 PM,6,3,3
11/15/2015 08:00:00 PM,2,2,0
11/15/2015 09:00:00 PM,2,1,1
11/15/2015 10:00:00 PM,2,2,0
11/15/2015 11:00:00 PM,2,1,1
11/16/2015 12:00:00 AM,0,0,0
11/16/2015 01:00:00 AM,0,0,0
11/16/2015 02:00:00 AM,0,0,0
11/16/2015 03:00:00 AM,2,1,1
11/16/2015 04:00:00 AM,4,0,4
11/16/2015 05:00:00 AM,16,2,14
11/16/2015 06:00:00 AM,53,9,44
11/16/2015 07:00:00 AM,100,12,88
11/16/2015 08:00:00 AM,119,9,110
11/16/2015 09:00:00 AM,31,0,31
11/16/2015 10:00:00 AM,15,4,11
11/16/2015 11:00:00 AM,13,6,7
11/16/2015 12:00:00 PM,8,4,4
11/16/2015 01:00:00 PM,6,2,4
11/16/2015 02:00:00 PM,13,7,6
11/16/2015 03:00:00 PM,22,19,3
11/16/2015 04:00:00 PM,56,46,10
11/16/2015 05:00:00 PM,110,100,10
11/16/2015 06:00:00 PM,67,62,5
11/16/2015 07:00:00 PM,26,24,2
11/16/2015 08:00:00 PM,12,10,2
11/16/2015 09:00:00 PM,5,5,0
11/16/2015 10:00:00 PM,2,1,1
11/16/2015 11:00:00 PM,2,2,0
11/17/2015 12:00:00 AM,5,4,1
11/17/2015 01:00:00 AM,0,0,0
11/17/2015 02:00:00 AM,0,0,0
11/17/2015 03:00:00 AM,2,1,1
11/17/2015 04:00:00 AM,1,0,1
11/17/2015 05:00:00 AM,17,3,14
11/17/2015 06:00:00 AM,31,3,28
11/17/2015 07:00:00 AM,55,7,48
11/17/2015 08:00:00 AM,67,4,63
11/17/2015 09:00:00 AM,23,1,22
11/17/2015 10:00:00 AM,8,2,6
11/17/2015 11:00:00 AM,4,3,1
11/17/2015 12:00:00 PM,2,1,1
11/17/2015 01:00:00 PM,5,1,4
11/17/2015 02:00:00 PM,10,4,6
11/17/2015 03:00:00 PM,15,15,0
11/17/2015 04:00:00 PM,48,38,10
11/17/2015 05:00:00 PM,60,53,7
11/17/2015 06:00:00 PM,43,39,4
11/17/2015 07:00:00 PM,21,15,6
11/17/2015 08:00:00 PM,15,12,3
11/17/2015 09:00:00 PM,4,4,0
11/17/2015 10:00:00 PM,1,1,0
11/17/2015 11:00:00 PM,1,1,0
11/18/2015 12:00:00 AM,2,1,1
11/18/2015 01:00:00 AM,2,1,1
11/18/2015 02:00:00 AM,1,0,1
11/18/2015 03:00:00 AM,1,1,0
11/18/2015 04:00:00 AM,3,0,3
11/18/2015 05:00:00 AM,17,1,16
11/18/2015 06:00:00 AM,51,7,44
11/18/2015 07:00:00 AM,109,7,102
11/18/2015 08:00:00 AM,114,4,110
11/18/2015 09:00:00 AM,41,10,31
11/18/2015 10:00:00 AM,20,6,14
11/18/2015 11:00:00 AM,15,5,10
11/18/2015 12:00:00 PM,11,7,4
11/18/2015 01:00:00 PM,17,7,10
11/18/2015 02:00:00 PM,22,16,6
11/18/2015 03:00:00 PM,32,23,9
11/18/2015 04:00:00 PM,71,61,10
11/18/2015 05:00:00 PM,117,105,12
11/18/2015 06:00:00 PM,72,65,7
11/18/2015 07:00:00 PM,34,26,8
11/18/2015 08:00:00 PM,16,14,2
11/18/2015 09:00:00 PM,7,7,0
11/18/2015 10:00:00 PM,3,3,0
11/18/2015 11:00:00 PM,4,1,3
11/19/2015 12:00:00 AM,2,1,1
11/19/2015 01:00:00 AM,1,1,0
11/19/2015 02:00:00 AM,1,0,1
11/19/2015 03:00:00 AM,1,0,1
11/19/2015 04:00:00 AM,2,0,2
11/19/2015 05:00:00 AM,20,1,19
11/19/2015 06:00:00 AM,51,2,49
11/19/2015 07:00:00 AM,109,9,100
11/19/2015 08:00:00 AM,111,12,99
11/19/2015 09:00:00 AM,51,3,48
11/19/2015 10:00:00 AM,15,3,12
11/19/2015 11:00:00 AM,13,5,8
11/19/2015 12:00:00 PM,23,12,11
11/19/2015 01:00:00 PM,20,9,11
11/19/2015 02:00:00 PM,26,16,10
11/19/2015 03:00:00 PM,49,34,15
11/19/2015 04:00:00 PM,77,59,18
11/19/2015 05:00:00 PM,116,102,14
11/19/2015 06:00:00 PM,82,72,10
11/19/2015 07:00:00 PM,28,24,4
11/19/2015 08:00:00 PM,12,10,2
11/19/2015 09:00:00 PM,14,12,2
11/19/2015 10:00:00 PM,6,6,0
11/19/2015 11:00:00 PM,5,5,0
11/20/2015 12:00:00 AM,6,2,4
11/20/2015 01:00:00 AM,1,1,0
11/20/2015 02:00:00 AM,3,1,2
11/20/2015 03:00:00 AM,0,0,0
11/20/2015 04:00:00 AM,3,1,2
11/20/2015 05:00:00 AM,10,1,9
11/20/2015 06:00:00 AM,51,11,40
11/20/2015 07:00:00 AM,69,13,56
11/20/2015 08:00:00 AM,83,5,78
11/20/2015 09:00:00 AM,35,6,29
11/20/2015 10:00:00 AM,12,2,10
11/20/2015 11:00:00 AM,19,5,14
11/20/2015 12:00:00 PM,23,12,11
11/20/2015 01:00:00 PM,25,13,12
11/20/2015 02:00:00 PM,26,19,7
11/20/2015 03:00:00 PM,36,28,8
11/20/2015 04:00:00 PM,62,46,16
11/20/2015 05:00:00 PM,85,73,12
11/20/2015 06:00:00 PM,47,40,7
11/20/2015 07:00:00 PM,26,21,5
11/20/2015 08:00:00 PM,11,8,3
11/20/2015 09:00:00 PM,10,6,4
11/20/2015 10:00:00 PM,3,3,0
11/20/2015 11:00:00 PM,2,2,0
11/21/2015 12:00:00 AM,0,0,0
11/21/2015 01:00:00 AM,1,0,1
11/21/2015 02:00:00 AM,2,1,1
11/21/2015 03:00:00 AM,1,0,1
11/21/2015 04:00:00 AM,2,2,0
11/21/2015 05:00:00 AM,7,0,7
11/21/2015 06:00:00 AM,7,1,6
11/21/2015 07:00:00 AM,13,3,10
11/21/2015 08:00:00 AM,12,2,10
11/21/2015 09:00:00 AM,14,6,8
11/21/2015 10:00:00 AM,27,12,15
11/21/2015 11:00:00 AM,31,12,19
11/21/2015 12:00:00 PM,39,24,15
11/21/2015 01:00:00 PM,38,21,17
11/21/2015 02:00:00 PM,44,22,22
11/21/2015 03:00:00 PM,37,20,17
11/21/2015 04:00:00 PM,33,18,15
11/21/2015 05:00:00 PM,17,10,7
11/21/2015 06:00:00 PM,11,7,4
11/21/2015 07:00:00 PM,10,5,5
11/21/2015 08:00:00 PM,4,3,1
11/21/2015 09:00:00 PM,2,1,1
11/21/2015 10:00:00 PM,2,1,1
11/21/2015 11:00:00 PM,1,1,0
11/22/2015 12:00:00 AM,2,2,0
11/22/2015 01:00:00 AM,3,2,1
11/22/2015 02:00:00 AM,1,0,1
11/22/2015 03:00:00 AM,1,1,0
11/22/2015 04:00:00 AM,1,1,0
11/22/2015 05:00:00 AM,3,0,3
11/22/2015 06:00:00 AM,4,3,1
11/22/2015 07:00:00 AM,3,0,3
11/22/2015 08:00:00 AM,15,4,11
11/22/2015 09:00:00 AM,16,2,14
11/22/2015 10:00:00 AM,19,3,16
11/22/2015 11:00:00 AM,32,20,12
11/22/2015 12:00:00 PM,42,25,17
11/22/2015 01:00:00 PM,30,16,14
11/22/2015 02:00:00 PM,35,16,19
11/22/2015 03:00:00 PM,37,20,17
11/22/2015 04:00:00 PM,19,10,9
11/22/2015 05:00:00 PM,10,9,1
11/22/2015 06:00:00 PM,5,4,1
11/22/2015 07:00:00 PM,5,2,3
11/22/2015 08:00:00 PM,4,4,0
11/22/2015 09:00:00 PM,2,2,0
11/22/2015 10:00:00 PM,1,1,0
11/22/2015 11:00:00 PM,1,1,0
11/23/2015 12:00:00 AM,0,0,0
11/23/2015 01:00:00 AM,1,0,1
11/23/2015 02:00:00 AM,3,1,2
11/23/2015 03:00:00 AM,1,1,0
11/23/2015 04:00:00 AM,4,0,4
11/23/2015 05:00:00 AM,13,2,11
11/23/2015 06:00:00 AM,37,6,31
11/23/2015 07:00:00 AM,89,12,77
11/23/2015 08:00:00 AM,96,7,89
11/23/2015 09:00:00 AM,32,3,29
11/23/2015 10:00:00 AM,13,2,11
11/23/2015 11:00:00 AM,11,3,8
11/23/2015 12:00:00 PM,18,9,9
11/23/2015 01:00:00 PM,16,7,9
11/23/2015 02:00:00 PM,17,8,9
11/23/2015 03:00:00 PM,27,20,7
11/23/2015 04:00:00 PM,56,47,9
11/23/2015 05:00:00 PM,79,70,9
11/23/2015 06:00:00 PM,59,56,3
11/23/2015 07:00:00 PM,20,17,3
11/23/2015 08:00:00 PM,20,16,4
11/23/2015 09:00:00 PM,6,5,1
11/23/2015 10:00:00 PM,1,0,1
11/23/2015 11:00:00 PM,1,0,1
11/24/2015 12:00:00 AM,1,1,0
11/24/2015 01:00:00 AM,0,0,0
11/24/2015 02:00:00 AM,1,0,1
11/24/2015 03:00:00 AM,1,1,0
11/24/2015 04:00:00 AM,1,0,1
11/24/2015 05:00:00 AM,9,1,8
11/24/2015 06:00:00 AM,33,4,29
11/24/2015 07:00:00 AM,62,7,55
11/24/2015 08:00:00 AM,67,6,61
11/24/2015 09:00:00 AM,26,3,23
11/24/2015 10:00:00 AM,9,0,9
11/24/2015 11:00:00 AM,8,2,6
11/24/2015 12:00:00 PM,10,6,4
11/24/2015 01:00:00 PM,7,5,2
11/24/2015 02:00:00 PM,12,8,4
11/24/2015 03:00:00 PM,19,14,5
11/24/2015 04:00:00 PM,43,31,12
11/24/2015 05:00:00 PM,77,72,5
11/24/2015 06:00:00 PM,52,42,10
11/24/2015 07:00:00 PM,18,14,4
11/24/2015 08:00:00 PM,10,8,2
11/24/2015 09:00:00 PM,4,2,2
11/24/2015 10:00:00 PM,4,4,0
11/24/2015 11:00:00 PM,3,2,1
11/25/2015 12:00:00 AM,1,1,0
11/25/2015 01:00:00 AM,0,0,0
11/25/2015 02:00:00 AM,1,0,1
11/25/2015 03:00:00 AM,1,1,0
11/25/2015 04:00:00 AM,1,0,1
11/25/2015 05:00:00 AM,13,1,12
11/25/2015 06:00:00 AM,31,8,23
11/25/2015 07:00:00 AM,47,9,38
11/25/2015 08:00:00 AM,78,7,71
11/25/2015 09:00:00 AM,31,2,29
11/25/2015 10:00:00 AM,15,3,12
11/25/2015 11:00:00 AM,16,7,9
11/25/2015 12:00:00 PM,16,8,8
11/25/2015 01:00:00 PM,18,9,9
11/25/2015 02:00:00 PM,34,27,7
11/25/2015 03:00:00 PM,48,38,10
11/25/2015 04:00:00 PM,55,42,13
11/25/2015 05:00:00 PM,52,44,8
11/25/2015 06:00:00 PM,27,16,11
11/25/2015 07:00:00 PM,29,24,5
11/25/2015 08:00:00 PM,17,8,9
11/25/2015 09:00:00 PM,4,3,1
11/25/2015 10:00:00 PM,1,1,0
11/25/2015 11:00:00 PM,3,1,2
11/26/2015 12:00:00 AM,1,1,0
11/26/2015 01:00:00 AM,2,1,1
11/26/2015 02:00:00 AM,0,0,0
11/26/2015 03:00:00 AM,0,0,0
11/26/2015 04:00:00 AM,0,0,0
11/26/2015 05:00:00 AM,2,1,1
11/26/2015 06:00:00 AM,0,0,0
11/26/2015 07:00:00 AM,6,1,5
11/26/2015 08:00:00 AM,9,2,7
11/26/2015 09:00:00 AM,18,9,9
11/26/2015 10:00:00 AM,14,9,5
11/26/2015 11:00:00 AM,17,8,9
11/26/2015 12:00:00 PM,25,11,14
11/26/2015 01:00:00 PM,39,15,24
11/26/2015 02:00:00 PM,22,9,13
11/26/2015 03:00:00 PM,14,8,6
11/26/2015 04:00:00 PM,7,6,1
11/26/2015 05:00:00 PM,3,2,1
11/26/2015 06:00:00 PM,5,0,5
11/26/2015 07:00:00 PM,7,3,4
11/26/2015 08:00:00 PM,0,0,0
11/26/2015 09:00:00 PM,5,2,3
11/26/2015 10:00:00 PM,1,0,1
11/26/2015 11:00:00 PM,6,6,0
11/27/2015 12:00:00 AM,5,2,3
11/27/2015 01:00:00 AM,0,0,0
11/27/2015 02:00:00 AM,4,1,3
11/27/2015 03:00:00 AM,0,0,0
11/27/2015 04:00:00 AM,0,0,0
11/27/2015 05:00:00 AM,3,0,3
11/27/2015 06:00:00 AM,5,1,4
11/27/2015 07:00:00 AM,7,2,5
11/27/2015 08:00:00 AM,10,2,8
11/27/2015 09:00:00 AM,9,2,7
11/27/2015 10:00:00 AM,19,11,8
11/27/2015 11:00:00 AM,36,10,26
11/27/2015 12:00:00 PM,42,29,13
11/27/2015 01:00:00 PM,54,17,37
11/27/2015 02:00:00 PM,19,12,7
11/27/2015 03:00:00 PM,32,21,11
11/27/2015 04:00:00 PM,21,13,8
11/27/2015 05:00:00 PM,18,13,5
11/27/2015 06:00:00 PM,6,2,4
11/27/2015 07:00:00 PM,3,1,2
11/27/2015 08:00:00 PM,2,2,0
11/27/2015 09:00:00 PM,2,2,0
11/27/2015 10:00:00 PM,0,0,0
11/27/2015 11:00:00 PM,0,0,0
11/28/2015 12:00:00 AM,3,1,2
11/28/2015 01:00:00 AM,0,0,0
11/28/2015 02:00:00 AM,0,0,0
11/28/2015 03:00:00 AM,2,0,2
11/28/2015 04:00:00 AM,1,1,0
11/28/2015 05:00:00 AM,4,0,4
11/28/2015 06:00:00 AM,1,0,1
11/28/2015 07:00:00 AM,4,1,3
11/28/2015 08:00:00 AM,7,2,5
11/28/2015 09:00:00 AM,8,3,5
11/28/2015 10:00:00 AM,13,9,4
11/28/2015 11:00:00 AM,12,9,3
11/28/2015 12:00:00 PM,24,10,14
11/28/2015 01:00:00 PM,18,9,9
11/28/2015 02:00:00 PM,31,18,13
11/28/2015 03:00:00 PM,23,14,9
11/28/2015 04:00:00 PM,14,5,9
11/28/2015 05:00:00 PM,4,3,1
11/28/2015 06:00:00 PM,8,5,3
11/28/2015 07:00:00 PM,7,4,3
11/28/2015 08:00:00 PM,2,1,1
11/28/2015 09:00:00 PM,2,2,0
11/28/2015 10:00:00 PM,4,2,2
11/28/2015 11:00:00 PM,2,1,1
11/29/2015 12:00:00 AM,2,1,1
11/29/2015 01:00:00 AM,1,1,0
11/29/2015 02:00:00 AM,1,1,0
11/29/2015 03:00:00 AM,3,2,1
11/29/2015 04:00:00 AM,1,1,0
11/29/2015 05:00:00 AM,2,0,2
11/29/2015 06:00:00 AM,0,0,0
11/29/2015 07:00:00 AM,2,1,1
11/29/2015 08:00:00 AM,7,1,6
11/29/2015 09:00:00 AM,11,4,7
11/29/2015 10:00:00 AM,19,7,12
11/29/2015 11:00:00 AM,41,10,31
11/29/2015 12:00:00 PM,13,10,3
11/29/2015 01:00:00 PM,14,8,6
11/29/2015 02:00:00 PM,16,11,5
11/29/2015 03:00:00 PM,10,4,6
11/29/2015 04:00:00 PM,14,9,5
11/29/2015 05:00:00 PM,9,8,1
11/29/2015 06:00:00 PM,2,2,0
11/29/2015 07:00:00 PM,4,3,1
11/29/2015 08:00:00 PM,0,0,0
11/29/2015 09:00:00 PM,0,0,0
11/29/2015 10:00:00 PM,2,0,2
11/29/2015 11:00:00 PM,3,1,2
11/30/2015 12:00:00 AM,2,1,1
11/30/2015 01:00:00 AM,0,0,0
11/30/2015 02:00:00 AM,2,1,1
11/30/2015 03:00:00 AM,2,1,1
11/30/2015 04:00:00 AM,3,1,2
11/30/2015 05:00:00 AM,17,2,15
11/30/2015 06:00:00 AM,40,4,36
11/30/2015 07:00:00 AM,77,12,65
11/30/2015 08:00:00 AM,79,3,76
11/30/2015 09:00:00 AM,22,1,21
11/30/2015 10:00:00 AM,12,1,11
11/30/2015 11:00:00 AM,10,3,7
11/30/2015 12:00:00 PM,18,8,10
11/30/2015 01:00:00 PM,9,2,7
11/30/2015 02:00:00 PM,22,15,7
11/30/2015 03:00:00 PM,24,16,8
11/30/2015 04:00:00 PM,47,38,9
11/30/2015 05:00:00 PM,81,70,11
11/30/2015 06:00:00 PM,39,36,3
11/30/2015 07:00:00 PM,26,25,1
11/30/2015 08:00:00 PM,10,7,3
11/30/2015 09:00:00 PM,4,1,3
11/30/2015 10:00:00 PM,1,1,0
11/30/2015 11:00:00 PM,3,3,0
12/01/2015 12:00:00 AM,0,0,0
12/01/2015 01:00:00 AM,1,1,0
12/01/2015 02:00:00 AM,2,1,1
12/01/2015 03:00:00 AM,2,1,1
12/01/2015 04:00:00 AM,1,0,1
12/01/2015 05:00:00 AM,17,1,16
12/01/2015 06:00:00 AM,47,8,39
12/01/2015 07:00:00 AM,95,8,87
12/01/2015 08:00:00 AM,90,4,86
12/01/2015 09:00:00 AM,42,1,41
12/01/2015 10:00:00 AM,17,6,11
12/01/2015 11:00:00 AM,12,7,5
12/01/2015 12:00:00 PM,9,5,4
12/01/2015 01:00:00 PM,14,6,8
12/01/2015 02:00:00 PM,22,16,6
12/01/2015 03:00:00 PM,36,27,9
12/01/2015 04:00:00 PM,58,44,14
12/01/2015 05:00:00 PM,104,94,10
12/01/2015 06:00:00 PM,60,49,11
12/01/2015 07:00:00 PM,24,19,5
12/01/2015 08:00:00 PM,5,3,2
12/01/2015 09:00:00 PM,4,4,0
12/01/2015 10:00:00 PM,1,1,0
12/01/2015 11:00:00 PM,1,1,0
12/02/2015 12:00:00 AM,2,1,1
12/02/2015 01:00:00 AM,0,0,0
12/02/2015 02:00:00 AM,1,0,1
12/02/2015 03:00:00 AM,2,1,1
12/02/2015 04:00:00 AM,3,0,3
12/02/2015 05:00:00 AM,11,1,10
12/02/2015 06:00:00 AM,46,7,39
12/02/2015 07:00:00 AM,85,6,79
12/02/2015 08:00:00 AM,88,5,83
12/02/2015 09:00:00 AM,42,6,36
12/02/2015 10:00:00 AM,11,2,9
12/02/2015 11:00:00 AM,11,3,8
12/02/2015 12:00:00 PM,7,3,4
12/02/2015 01:00:00 PM,19,13,6
12/02/2015 02:00:00 PM,22,13,9
12/02/2015 03:00:00 PM,34,22,12
12/02/2015 04:00:00 PM,63,54,9
12/02/2015 05:00:00 PM,87,81,6
12/02/2015 06:00:00 PM,67,55,12
12/02/2015 07:00:00 PM,22,18,4
12/02/2015 08:00:00 PM,12,8,4
12/02/2015 09:00:00 PM,8,5,3
12/02/2015 10:00:00 PM,3,1,2
12/02/2015 11:00:00 PM,3,2,1
12/03/2015 12:00:00 AM,0,0,0
12/03/2015 01:00:00 AM,0,0,0
12/03/2015 02:00:00 AM,1,0,1
12/03/2015 03:00:00 AM,0,0,0
12/03/2015 04:00:00 AM,3,0,3
12/03/2015 05:00:00 AM,8,2,6
12/03/2015 06:00:00 AM,34,3,31
12/03/2015 07:00:00 AM,65,8,57
12/03/2015 08:00:00 AM,63,4,59
12/03/2015 09:00:00 AM,42,4,38
12/03/2015 10:00:00 AM,9,0,9
12/03/2015 11:00:00 AM,6,3,3
12/03/2015 12:00:00 PM,7,3,4
12/03/2015 01:00:00 PM,12,6,6
12/03/2015 02:00:00 PM,7,5,2
12/03/2015 03:00:00 PM,25,19,6
12/03/2015 04:00:00 PM,27,21,6
12/03/2015 05:00:00 PM,61,56,5
12/03/2015 06:00:00 PM,49,39,10
12/03/2015 07:00:00 PM,18,16,2
12/03/2015 08:00:00 PM,8,7,1
12/03/2015 09:00:00 PM,8,7,1
12/03/2015 10:00:00 PM,3,2,1
12/03/2015 11:00:00 PM,4,3,1
12/04/2015 12:00:00 AM,6,4,2
12/04/2015 01:00:00 AM,2,0,2
12/04/2015 02:00:00 AM,2,1,1
12/04/2015 03:00:00 AM,1,0,1
12/04/2015 04:00:00 AM,3,1,2
12/04/2015 05:00:00 AM,6,1,5
12/04/2015 06:00:00 AM,35,6,29
12/04/2015 07:00:00 AM,67,10,57
12/04/2015 08:00:00 AM,74,6,68
12/04/2015 09:00:00 AM,33,2,31
12/04/2015 10:00:00 AM,16,5,11
12/04/2015 11:00:00 AM,8,1,7
12/04/2015 12:00:00 PM,7,2,5
12/04/2015 01:00:00 PM,19,13,6
12/04/2015 02:00:00 PM,24,12,12
12/04/2015 03:00:00 PM,35,22,13
12/04/2015 04:00:00 PM,50,40,10
12/04/2015 05:00:00 PM,79,64,15
12/04/2015 06:00:00 PM,40,36,4
12/04/2015 07:00:00 PM,15,12,3
12/04/2015 08:00:00 PM,9,6,3
12/04/2015 09:00:00 PM,2,2,0
12/04/2015 10:00:00 PM,5,2,3
12/04/2015 11:00:00 PM,3,3,0
12/05/2015 12:00:00 AM,7,6,1
12/05/2015 01:00:00 AM,5,5,0
12/05/2015 02:00:00 AM,2,1,1
12/05/2015 03:00:00 AM,2,2,0
12/05/2015 04:00:00 AM,2,1,1
12/05/2015 05:00:00 AM,5,0,5
12/05/2015 06:00:00 AM,3,1,2
12/05/2015 07:00:00 AM,3,0,3
12/05/2015 08:00:00 AM,6,0,6
12/05/2015 09:00:00 AM,5,3,2
12/05/2015 10:00:00 AM,5,2,3
12/05/2015 11:00:00 AM,2,1,1
12/05/2015 12:00:00 PM,9,5,4
12/05/2015 01:00:00 PM,6,5,1
12/05/2015 02:00:00 PM,11,6,5
12/05/2015 03:00:00 PM,4,3,1
12/05/2015 04:00:00 PM,3,2,1
12/05/2015 05:00:00 PM,1,1,0
12/05/2015 06:00:00 PM,4,1,3
12/05/2015 07:00:00 PM,4,1,3
12/05/2015 08:00:00 PM,3,2,1
12/05/2015 09:00:00 PM,1,1,0
12/05/2015 10:00:00 PM,0,0,0
12/05/2015 11:00:00 PM,1,1,0
12/06/2015 12:00:00 AM,1,1,0
12/06/2015 01:00:00 AM,1,1,0
12/06/2015 02:00:00 AM,2,1,1
12/06/2015 03:00:00 AM,1,1,0
12/06/2015 04:00:00 AM,0,0,0
12/06/2015 05:00:00 AM,2,0,2
12/06/2015 06:00:00 AM,3,1,2
12/06/2015 07:00:00 AM,1,1,0
12/06/2015 08:00:00 AM,3,0,3
12/06/2015 09:00:00 AM,4,2,2
12/06/2015 10:00:00 AM,7,4,3
12/06/2015 11:00:00 AM,7,4,3
12/06/2015 12:00:00 PM,17,10,7
12/06/2015 01:00:00 PM,10,3,7
12/06/2015 02:00:00 PM,20,10,10
12/06/2015 03:00:00 PM,19,12,7
12/06/2015 04:00:00 PM,10,5,5
12/06/2015 05:00:00 PM,3,1,2
12/06/2015 06:00:00 PM,2,0,2
12/06/2015 07:00:00 PM,4,4,0
12/06/2015 08:00:00 PM,2,2,0
12/06/2015 09:00:00 PM,1,1,0
12/06/2015 10:00:00 PM,1,1,0
12/06/2015 11:00:00 PM,2,1,1
12/07/2015 12:00:00 AM,2,1,1
12/07/2015 01:00:00 AM,1,1,0
12/07/2015 02:00:00 AM,0,0,0
12/07/2015 03:00:00 AM,3,1,2
12/07/2015 04:00:00 AM,4,0,4
12/07/2015 05:00:00 AM,10,1,9
12/07/2015 06:00:00 AM,50,6,44
12/07/2015 07:00:00 AM,80,6,74
12/07/2015 08:00:00 AM,76,5,71
12/07/2015 09:00:00 AM,28,4,24
12/07/2015 10:00:00 AM,9,1,8
12/07/2015 11:00:00 AM,3,0,3
12/07/2015 12:00:00 PM,7,5,2
12/07/2015 01:00:00 PM,2,1,1
12/07/2015 02:00:00 PM,6,2,4
12/07/2015 03:00:00 PM,18,12,6
12/07/2015 04:00:00 PM,53,47,6
12/07/2015 05:00:00 PM,94,85,9
12/07/2015 06:00:00 PM,41,38,3
12/07/2015 07:00:00 PM,19,16,3
12/07/2015 08:00:00 PM,6,6,0
12/07/2015 09:00:00 PM,5,4,1
12/07/2015 10:00:00 PM,2,2,0
12/07/2015 11:00:00 PM,2,2,0
12/08/2015 12:00:00 AM,0,0,0
12/08/2015 01:00:00 AM,0,0,0
12/08/2015 02:00:00 AM,3,2,1
12/08/2015 03:00:00 AM,1,1,0
12/08/2015 04:00:00 AM,1,0,1
12/08/2015 05:00:00 AM,9,0,9
12/08/2015 06:00:00 AM,25,5,20
12/08/2015 07:00:00 AM,67,9,58
12/08/2015 08:00:00 AM,59,3,56
12/08/2015 09:00:00 AM,26,2,24
12/08/2015 10:00:00 AM,4,2,2
12/08/2015 11:00:00 AM,0,0,0
12/08/2015 12:00:00 PM,1,0,1
12/08/2015 01:00:00 PM,5,1,4
12/08/2015 02:00:00 PM,6,4,2
12/08/2015 03:00:00 PM,16,11,5
12/08/2015 04:00:00 PM,32,25,7
12/08/2015 05:00:00 PM,58,51,7
12/08/2015 06:00:00 PM,41,37,4
12/08/2015 07:00:00 PM,18,17,1
12/08/2015 08:00:00 PM,7,6,1
12/08/2015 09:00:00 PM,6,5,1
12/08/2015 10:00:00 PM,5,5,0
12/08/2015 11:00:00 PM,0,0,0
12/09/2015 12:00:00 AM,0,0,0
12/09/2015 01:00:00 AM,0,0,0
12/09/2015 02:00:00 AM,1,1,0
12/09/2015 03:00:00 AM,0,0,0
12/09/2015 04:00:00 AM,3,1,2
12/09/2015 05:00:00 AM,13,1,12
12/09/2015 06:00:00 AM,20,2,18
12/09/2015 07:00:00 AM,49,9,40
12/09/2015 08:00:00 AM,70,6,64
12/09/2015 09:00:00 AM,23,1,22
12/09/2015 10:00:00 AM,16,5,11
12/09/2015 11:00:00 AM,11,4,7
12/09/2015 12:00:00 PM,9,3,6
12/09/2015 01:00:00 PM,11,6,5
12/09/2015 02:00:00 PM,24,13,11
12/09/2015 03:00:00 PM,29,15,14
12/09/2015 04:00:00 PM,36,29,7
12/09/2015 05:00:00 PM,78,65,13
12/09/2015 06:00:00 PM,39,30,9
12/09/2015 07:00:00 PM,20,19,1
12/09/2015 08:00:00 PM,20,8,12
12/09/2015 09:00:00 PM,11,9,2
12/09/2015 10:00:00 PM,4,2,2
12/09/2015 11:00:00 PM,2,2,0
12/10/2015 12:00:00 AM,4,2,2
12/10/2015 01:00:00 AM,0,0,0
12/10/2015 02:00:00 AM,2,1,1
12/10/2015 03:00:00 AM,0,0,0
12/10/2015 04:00:00 AM,1,0,1
12/10/2015 05:00:00 AM,10,1,9
12/10/2015 06:00:00 AM,39,6,33
12/10/2015 07:00:00 AM,62,10,52
12/10/2015 08:00:00 AM,78,7,71
12/10/2015 09:00:00 AM,29,4,25
12/10/2015 10:00:00 AM,6,0,6
12/10/2015 11:00:00 AM,7,3,4
12/10/2015 12:00:00 PM,4,2,2
12/10/2015 01:00:00 PM,4,1,3
12/10/2015 02:00:00 PM,17,10,7
12/10/2015 03:00:00 PM,21,15,6
12/10/2015 04:00:00 PM,39,29,10
12/10/2015 05:00:00 PM,61,55,6
12/10/2015 06:00:00 PM,46,42,4
12/10/2015 07:00:00 PM,14,12,2
12/10/2015 08:00:00 PM,5,4,1
12/10/2015 09:00:00 PM,8,8,0
12/10/2015 10:00:00 PM,4,3,1
12/10/2015 11:00:00 PM,5,2,3
12/11/2015 12:00:00 AM,3,3,0
12/11/2015 01:00:00 AM,2,1,1
12/11/2015 02:00:00 AM,1,1,0
12/11/2015 03:00:00 AM,2,0,2
12/11/2015 04:00:00 AM,3,1,2
12/11/2015 05:00:00 AM,11,2,9
12/11/2015 06:00:00 AM,28,5,23
12/11/2015 07:00:00 AM,65,5,60
12/11/2015 08:00:00 AM,74,5,69
12/11/2015 09:00:00 AM,31,1,30
12/11/2015 10:00:00 AM,23,7,16
12/11/2015 11:00:00 AM,11,3,8
12/11/2015 12:00:00 PM,10,6,4
12/11/2015 01:00:00 PM,23,11,12
12/11/2015 02:00:00 PM,25,17,8
12/11/2015 03:00:00 PM,33,25,8
12/11/2015 04:00:00 PM,46,37,9
12/11/2015 05:00:00 PM,78,73,5
12/11/2015 06:00:00 PM,34,29,5
12/11/2015 07:00:00 PM,12,11,1
12/11/2015 08:00:00 PM,11,7,4
12/11/2015 09:00:00 PM,4,4,0
12/11/2015 10:00:00 PM,3,1,2
12/11/2015 11:00:00 PM,5,4,1
12/12/2015 12:00:00 AM,8,5,3
12/12/2015 01:00:00 AM,0,0,0
12/12/2015 02:00:00 AM,2,1,1
12/12/2015 03:00:00 AM,0,0,0
12/12/2015 04:00:00 AM,1,1,0
12/12/2015 05:00:00 AM,5,2,3
12/12/2015 06:00:00 AM,3,1,2
12/12/2015 07:00:00 AM,2,1,1
12/12/2015 08:00:00 AM,9,2,7
12/12/2015 09:00:00 AM,6,2,4
12/12/2015 10:00:00 AM,7,3,4
12/12/2015 11:00:00 AM,11,5,6
12/12/2015 12:00:00 PM,2,2,0
12/12/2015 01:00:00 PM,8,6,2
12/12/2015 02:00:00 PM,5,3,2
12/12/2015 03:00:00 PM,5,4,1
12/12/2015 04:00:00 PM,5,1,4
12/12/2015 05:00:00 PM,4,2,2
12/12/2015 06:00:00 PM,4,2,2
12/12/2015 07:00:00 PM,3,0,3
12/12/2015 08:00:00 PM,0,0,0
12/12/2015 09:00:00 PM,0,0,0
12/12/2015 10:00:00 PM,1,1,0
12/12/2015 11:00:00 PM,1,1,0
12/13/2015 12:00:00 AM,1,1,0
12/13/2015 01:00:00 AM,3,3,0
12/13/2015 02:00:00 AM,0,0,0
12/13/2015 03:00:00 AM,3,2,1
12/13/2015 04:00:00 AM,0,0,0
12/13/2015 05:00:00 AM,3,0,3
12/13/2015 06:00:00 AM,1,0,1
12/13/2015 07:00:00 AM,3,2,1
12/13/2015 08:00:00 AM,15,3,12
12/13/2015 09:00:00 AM,14,5,9
12/13/2015 10:00:00 AM,21,11,10
12/13/2015 11:00:00 AM,9,4,5
12/13/2015 12:00:00 PM,13,4,9
12/13/2015 01:00:00 PM,4,0,4
12/13/2015 02:00:00 PM,11,4,7
12/13/2015 03:00:00 PM,24,9,15
12/13/2015 04:00:00 PM,8,4,4
12/13/2015 05:00:00 PM,4,2,2
12/13/2015 06:00:00 PM,2,2,0
12/13/2015 07:00:00 PM,2,2,0
12/13/2015 08:00:00 PM,3,3,0
12/13/2015 09:00:00 PM,4,3,1
12/13/2015 10:00:00 PM,0,0,0
12/13/2015 11:00:00 PM,5,2,3
12/14/2015 12:00:00 AM,4,3,1
12/14/2015 01:00:00 AM,0,0,0
12/14/2015 02:00:00 AM,0,0,0
12/14/2015 03:00:00 AM,1,1,0
12/14/2015 04:00:00 AM,3,1,2
12/14/2015 05:00:00 AM,14,0,14
12/14/2015 06:00:00 AM,42,6,36
12/14/2015 07:00:00 AM,102,8,94
12/14/2015 08:00:00 AM,103,6,97
12/14/2015 09:00:00 AM,36,5,31
12/14/2015 10:00:00 AM,14,2,12
12/14/2015 11:00:00 AM,13,2,11
12/14/2015 12:00:00 PM,18,9,9
12/14/2015 01:00:00 PM,10,2,8
12/14/2015 02:00:00 PM,30,16,14
12/14/2015 03:00:00 PM,30,20,10
12/14/2015 04:00:00 PM,76,60,16
12/14/2015 05:00:00 PM,122,107,15
12/14/2015 06:00:00 PM,62,55,7
12/14/2015 07:00:00 PM,29,24,5
12/14/2015 08:00:00 PM,7,6,1
12/14/2015 09:00:00 PM,10,9,1
12/14/2015 10:00:00 PM,3,3,0
12/14/2015 11:00:00 PM,3,2,1
12/15/2015 12:00:00 AM,0,0,0
12/15/2015 01:00:00 AM,0,0,0
12/15/2015 02:00:00 AM,1,1,0
12/15/2015 03:00:00 AM,2,2,0
12/15/2015 04:00:00 AM,3,0,3
12/15/2015 05:00:00 AM,17,2,15
12/15/2015 06:00:00 AM,50,7,43
12/15/2015 07:00:00 AM,78,8,70
12/15/2015 08:00:00 AM,113,6,107
12/15/2015 09:00:00 AM,54,7,47
12/15/2015 10:00:00 AM,16,5,11
12/15/2015 11:00:00 AM,13,6,7
12/15/2015 12:00:00 PM,12,5,7
12/15/2015 01:00:00 PM,11,7,4
12/15/2015 02:00:00 PM,22,12,10
12/15/2015 03:00:00 PM,26,21,5
12/15/2015 04:00:00 PM,54,40,14
12/15/2015 05:00:00 PM,102,93,9
12/15/2015 06:00:00 PM,55,44,11
12/15/2015 07:00:00 PM,28,24,4
12/15/2015 08:00:00 PM,14,10,4
12/15/2015 09:00:00 PM,10,9,1
12/15/2015 10:00:00 PM,1,1,0
12/15/2015 11:00:00 PM,11,8,3
12/16/2015 12:00:00 AM,1,1,0
12/16/2015 01:00:00 AM,0,0,0
12/16/2015 02:00:00 AM,1,1,0
12/16/2015 03:00:00 AM,0,0,0
12/16/2015 04:00:00 AM,3,1,2
12/16/2015 05:00:00 AM,13,2,11
12/16/2015 06:00:00 AM,49,9,40
12/16/2015 07:00:00 AM,75,12,63
12/16/2015 08:00:00 AM,95,6,89
12/16/2015 09:00:00 AM,35,2,33
12/16/2015 10:00:00 AM,23,4,19
12/16/2015 11:00:00 AM,12,3,9
12/16/2015 12:00:00 PM,11,4,7
12/16/2015 01:00:00 PM,10,5,5
12/16/2015 02:00:00 PM,32,19,13
12/16/2015 03:00:00 PM,31,25,6
12/16/2015 04:00:00 PM,63,51,12
12/16/2015 05:00:00 PM,96,86,10
12/16/2015 06:00:00 PM,60,48,12
12/16/2015 07:00:00 PM,23,20,3
12/16/2015 08:00:00 PM,19,16,3
12/16/2015 09:00:00 PM,13,10,3
12/16/2015 10:00:00 PM,2,2,0
12/16/2015 11:00:00 PM,4,2,2
12/17/2015 12:00:00 AM,4,4,0
12/17/2015 01:00:00 AM,1,0,1
12/17/2015 02:00:00 AM,1,0,1
12/17/2015 03:00:00 AM,2,1,1
12/17/2015 04:00:00 AM,3,0,3
12/17/2015 05:00:00 AM,16,1,15
12/17/2015 06:00:00 AM,29,3,26
12/17/2015 07:00:00 AM,68,7,61
12/17/2015 08:00:00 AM,62,5,57
12/17/2015 09:00:00 AM,21,1,20
12/17/2015 10:00:00 AM,14,1,13
12/17/2015 11:00:00 AM,9,4,5
12/17/2015 12:00:00 PM,6,3,3
12/17/2015 01:00:00 PM,2,0,2
12/17/2015 02:00:00 PM,5,2,3
12/17/2015 03:00:00 PM,14,12,2
12/17/2015 04:00:00 PM,40,35,5
12/17/2015 05:00:00 PM,52,44,8
12/17/2015 06:00:00 PM,49,43,6
12/17/2015 07:00:00 PM,16,13,3
12/17/2015 08:00:00 PM,4,4,0
12/17/2015 09:00:00 PM,4,4,0
12/17/2015 10:00:00 PM,4,3,1
12/17/2015 11:00:00 PM,3,3,0
12/18/2015 12:00:00 AM,1,1,0
12/18/2015 01:00:00 AM,3,0,3
12/18/2015 02:00:00 AM,3,2,1
12/18/2015 03:00:00 AM,0,0,0
12/18/2015 04:00:00 AM,1,0,1
12/18/2015 05:00:00 AM,10,1,9
12/18/2015 06:00:00 AM,19,5,14
12/18/2015 07:00:00 AM,51,5,46
12/18/2015 08:00:00 AM,61,7,54
12/18/2015 09:00:00 AM,31,3,28
12/18/2015 10:00:00 AM,12,9,3
12/18/2015 11:00:00 AM,11,6,5
12/18/2015 12:00:00 PM,18,6,12
12/18/2015 01:00:00 PM,7,4,3
12/18/2015 02:00:00 PM,9,5,4
12/18/2015 03:00:00 PM,23,16,7
12/18/2015 04:00:00 PM,36,29,7
12/18/2015 05:00:00 PM,70,63,7
12/18/2015 06:00:00 PM,33,28,5
12/18/2015 07:00:00 PM,9,8,1
12/18/2015 08:00:00 PM,6,6,0
12/18/2015 09:00:00 PM,1,1,0
12/18/2015 10:00:00 PM,1,1,0
12/18/2015 11:00:00 PM,2,1,1
12/19/2015 12:00:00 AM,2,1,1
12/19/2015 01:00:00 AM,0,0,0
12/19/2015 02:00:00 AM,1,1,0
12/19/2015 03:00:00 AM,1,0,1
12/19/2015 04:00:00 AM,1,1,0
12/19/2015 05:00:00 AM,4,0,4
12/19/2015 06:00:00 AM,7,3,4
12/19/2015 07:00:00 AM,2,0,2
12/19/2015 08:00:00 AM,10,4,6
12/19/2015 09:00:00 AM,11,3,8
12/19/2015 10:00:00 AM,17,8,9
12/19/2015 11:00:00 AM,26,12,14
12/19/2015 12:00:00 PM,17,7,10
12/19/2015 01:00:00 PM,33,18,15
12/19/2015 02:00:00 PM,26,11,15
12/19/2015 03:00:00 PM,25,14,11
12/19/2015 04:00:00 PM,10,4,6
12/19/2015 05:00:00 PM,5,1,4
12/19/2015 06:00:00 PM,2,2,0
12/19/2015 07:00:00 PM,2,2,0
12/19/2015 08:00:00 PM,4,3,1
12/19/2015 09:00:00 PM,3,3,0
12/19/2015 10:00:00 PM,1,1,0
12/19/2015 11:00:00 PM,2,2,0
12/20/2015 12:00:00 AM,0,0,0
12/20/2015 01:00:00 AM,3,2,1
12/20/2015 02:00:00 AM,0,0,0
12/20/2015 03:00:00 AM,0,0,0
12/20/2015 04:00:00 AM,1,1,0
12/20/2015 05:00:00 AM,2,0,2
12/20/2015 06:00:00 AM,3,1,2
12/20/2015 07:00:00 AM,0,0,0
12/20/2015 08:00:00 AM,9,3,6
12/20/2015 09:00:00 AM,7,4,3
12/20/2015 10:00:00 AM,17,7,10
12/20/2015 11:00:00 AM,19,6,13
12/20/2015 12:00:00 PM,17,11,6
12/20/2015 01:00:00 PM,19,9,10
12/20/2015 02:00:00 PM,17,13,4
12/20/2015 03:00:00 PM,17,10,7
12/20/2015 04:00:00 PM,19,8,11
12/20/2015 05:00:00 PM,7,3,4
12/20/2015 06:00:00 PM,1,0,1
12/20/2015 07:00:00 PM,3,2,1
12/20/2015 08:00:00 PM,4,3,1
12/20/2015 09:00:00 PM,4,4,0
12/20/2015 10:00:00 PM,3,1,2
12/20/2015 11:00:00 PM,2,1,1
12/21/2015 12:00:00 AM,2,1,1
12/21/2015 01:00:00 AM,0,0,0
12/21/2015 02:00:00 AM,0,0,0
12/21/2015 03:00:00 AM,1,0,1
12/21/2015 04:00:00 AM,3,1,2
12/21/2015 05:00:00 AM,12,1,11
12/21/2015 06:00:00 AM,25,1,24
12/21/2015 07:00:00 AM,63,4,59
12/21/2015 08:00:00 AM,47,4,43
12/21/2015 09:00:00 AM,13,1,12
12/21/2015 10:00:00 AM,9,2,7
12/21/2015 11:00:00 AM,5,2,3
12/21/2015 12:00:00 PM,3,2,1
12/21/2015 01:00:00 PM,5,2,3
12/21/2015 02:00:00 PM,5,3,2
12/21/2015 03:00:00 PM,14,12,2
12/21/2015 04:00:00 PM,39,34,5
12/21/2015 05:00:00 PM,55,47,8
12/21/2015 06:00:00 PM,27,22,5
12/21/2015 07:00:00 PM,15,14,1
12/21/2015 08:00:00 PM,4,3,1
12/21/2015 09:00:00 PM,2,2,0
12/21/2015 10:00:00 PM,3,1,2
12/21/2015 11:00:00 PM,2,2,0
12/22/2015 12:00:00 AM,0,0,0
12/22/2015 01:00:00 AM,1,1,0
12/22/2015 02:00:00 AM,1,1,0
12/22/2015 03:00:00 AM,2,2,0
12/22/2015 04:00:00 AM,4,0,4
12/22/2015 05:00:00 AM,15,3,12
12/22/2015 06:00:00 AM,24,2,22
12/22/2015 07:00:00 AM,54,2,52
12/22/2015 08:00:00 AM,58,2,56
12/22/2015 09:00:00 AM,23,2,21
12/22/2015 10:00:00 AM,15,4,11
12/22/2015 11:00:00 AM,5,2,3
12/22/2015 12:00:00 PM,13,5,8
12/22/2015 01:00:00 PM,12,10,2
12/22/2015 02:00:00 PM,22,10,12
12/22/2015 03:00:00 PM,19,11,8
12/22/2015 04:00:00 PM,46,38,8
12/22/2015 05:00:00 PM,66,59,7
12/22/2015 06:00:00 PM,26,22,4
12/22/2015 07:00:00 PM,9,7,2
12/22/2015 08:00:00 PM,5,5,0
12/22/2015 09:00:00 PM,5,5,0
12/22/2015 10:00:00 PM,1,1,0
12/22/2015 11:00:00 PM,2,2,0
12/23/2015 12:00:00 AM,4,3,1
12/23/2015 01:00:00 AM,1,1,0
12/23/2015 02:00:00 AM,1,1,0
12/23/2015 03:00:00 AM,1,1,0
12/23/2015 04:00:00 AM,3,1,2
12/23/2015 05:00:00 AM,9,3,6
12/23/2015 06:00:00 AM,24,2,22
12/23/2015 07:00:00 AM,40,6,34
12/23/2015 08:00:00 AM,35,1,34
12/23/2015 09:00:00 AM,24,1,23
12/23/2015 10:00:00 AM,14,1,13
12/23/2015 11:00:00 AM,6,3,3
12/23/2015 12:00:00 PM,3,2,1
12/23/2015 01:00:00 PM,12,7,5
12/23/2015 02:00:00 PM,15,12,3
12/23/2015 03:00:00 PM,20,17,3
12/23/2015 04:00:00 PM,31,26,5
12/23/2015 05:00:00 PM,42,37,5
12/23/2015 06:00:00 PM,23,18,5
12/23/2015 07:00:00 PM,10,8,2
12/23/2015 08:00:00 PM,3,2,1
12/23/2015 09:00:00 PM,2,2,0
12/23/2015 10:00:00 PM,1,1,0
12/23/2015 11:00:00 PM,1,1,0
12/24/2015 12:00:00 AM,0,0,0
12/24/2015 01:00:00 AM,1,0,1
12/24/2015 02:00:00 AM,1,1,0
12/24/2015 03:00:00 AM,2,1,1
12/24/2015 04:00:00 AM,2,1,1
12/24/2015 05:00:00 AM,10,3,7
12/24/2015 06:00:00 AM,10,0,10
12/24/2015 07:00:00 AM,12,0,12
12/24/2015 08:00:00 AM,11,3,8
12/24/2015 09:00:00 AM,11,2,9
12/24/2015 10:00:00 AM,11,6,5
12/24/2015 11:00:00 AM,14,8,6
12/24/2015 12:00:00 PM,15,9,6
12/24/2015 01:00:00 PM,26,14,12
12/24/2015 02:00:00 PM,20,13,7
12/24/2015 03:00:00 PM,10,8,2
12/24/2015 04:00:00 PM,14,9,5
12/24/2015 05:00:00 PM,6,5,1
12/24/2015 06:00:00 PM,4,3,1
12/24/2015 07:00:00 PM,3,1,2
12/24/2015 08:00:00 PM,3,1,2
12/24/2015 09:00:00 PM,2,2,0
12/24/2015 10:00:00 PM,0,0,0
12/24/2015 11:00:00 PM,1,1,0
12/25/2015 12:00:00 AM,2,1,1
12/25/2015 01:00:00 AM,1,1,0
12/25/2015 02:00:00 AM,0,0,0
12/25/2015 03:00:00 AM,0,0,0
12/25/2015 04:00:00 AM,0,0,0
12/25/2015 05:00:00 AM,2,1,1
12/25/2015 06:00:00 AM,1,0,1
12/25/2015 07:00:00 AM,0,0,0
12/25/2015 08:00:00 AM,1,0,1
12/25/2015 09:00:00 AM,1,0,1
12/25/2015 10:00:00 AM,4,1,3
12/25/2015 11:00:00 AM,6,2,4
12/25/2015 12:00:00 PM,21,19,2
12/25/2015 01:00:00 PM,28,6,22
12/25/2015 02:00:00 PM,21,11,10
12/25/2015 03:00:00 PM,10,3,7
12/25/2015 04:00:00 PM,9,4,5
12/25/2015 05:00:00 PM,8,3,5
12/25/2015 06:00:00 PM,4,2,2
12/25/2015 07:00:00 PM,2,1,1
12/25/2015 08:00:00 PM,2,1,1
12/25/2015 09:00:00 PM,4,3,1
12/25/2015 10:00:00 PM,3,2,1
12/25/2015 11:00:00 PM,1,0,1
12/26/2015 12:00:00 AM,1,1,0
12/26/2015 01:00:00 AM,0,0,0
12/26/2015 02:00:00 AM,0,0,0
12/26/2015 03:00:00 AM,1,0,1
12/26/2015 04:00:00 AM,1,1,0
12/26/2015 05:00:00 AM,3,0,3
12/26/2015 06:00:00 AM,2,2,0
12/26/2015 07:00:00 AM,3,2,1
12/26/2015 08:00:00 AM,12,3,9
12/26/2015 09:00:00 AM,11,3,8
12/26/2015 10:00:00 AM,11,9,2
12/26/2015 11:00:00 AM,12,3,9
12/26/2015 12:00:00 PM,11,5,6
12/26/2015 01:00:00 PM,19,10,9
12/26/2015 02:00:00 PM,24,13,11
12/26/2015 03:00:00 PM,28,12,16
12/26/2015 04:00:00 PM,8,4,4
12/26/2015 05:00:00 PM,15,6,9
12/26/2015 06:00:00 PM,15,11,4
12/26/2015 07:00:00 PM,5,2,3
12/26/2015 08:00:00 PM,1,1,0
12/26/2015 09:00:00 PM,0,0,0
12/26/2015 10:00:00 PM,4,3,1
12/26/2015 11:00:00 PM,3,2,1
12/27/2015 12:00:00 AM,6,2,4
12/27/2015 01:00:00 AM,3,1,2
12/27/2015 02:00:00 AM,0,0,0
12/27/2015 03:00:00 AM,1,1,0
12/27/2015 04:00:00 AM,1,1,0
12/27/2015 05:00:00 AM,6,1,5
12/27/2015 06:00:00 AM,3,1,2
12/27/2015 07:00:00 AM,6,5,1
12/27/2015 08:00:00 AM,9,3,6
12/27/2015 09:00:00 AM,11,4,7
12/27/2015 10:00:00 AM,6,3,3
12/27/2015 11:00:00 AM,3,3,0
12/27/2015 12:00:00 PM,3,1,2
12/27/2015 01:00:00 PM,1,0,1
12/27/2015 02:00:00 PM,3,2,1
12/27/2015 03:00:00 PM,5,5,0
12/27/2015 04:00:00 PM,2,0,2
12/27/2015 05:00:00 PM,2,1,1
12/27/2015 06:00:00 PM,0,0,0
12/27/2015 07:00:00 PM,1,1,0
12/27/2015 08:00:00 PM,2,2,0
12/27/2015 09:00:00 PM,1,1,0
12/27/2015 10:00:00 PM,0,0,0
12/27/2015 11:00:00 PM,0,0,0
12/28/2015 12:00:00 AM,1,0,1
12/28/2015 01:00:00 AM,0,0,0
12/28/2015 02:00:00 AM,1,0,1
12/28/2015 03:00:00 AM,0,0,0
12/28/2015 04:00:00 AM,3,1,2
12/28/2015 05:00:00 AM,13,2,11
12/28/2015 06:00:00 AM,19,5,14
12/28/2015 07:00:00 AM,53,6,47
12/28/2015 08:00:00 AM,30,0,30
12/28/2015 09:00:00 AM,29,4,25
12/28/2015 10:00:00 AM,12,1,11
12/28/2015 11:00:00 AM,12,6,6
12/28/2015 12:00:00 PM,9,2,7
12/28/2015 01:00:00 PM,10,6,4
12/28/2015 02:00:00 PM,15,10,5
12/28/2015 03:00:00 PM,22,19,3
12/28/2015 04:00:00 PM,44,33,11
12/28/2015 05:00:00 PM,42,37,5
12/28/2015 06:00:00 PM,30,26,4
12/28/2015 07:00:00 PM,16,12,4
12/28/2015 08:00:00 PM,5,3,2
12/28/2015 09:00:00 PM,3,2,1
12/28/2015 10:00:00 PM,2,1,1
12/28/2015 11:00:00 PM,0,0,0
12/29/2015 12:00:00 AM,0,0,0
12/29/2015 01:00:00 AM,0,0,0
12/29/2015 02:00:00 AM,2,1,1
12/29/2015 03:00:00 AM,1,0,1
12/29/2015 04:00:00 AM,2,1,1
12/29/2015 05:00:00 AM,12,3,9
12/29/2015 06:00:00 AM,30,10,20
12/29/2015 07:00:00 AM,52,5,47
12/29/2015 08:00:00 AM,53,3,50
12/29/2015 09:00:00 AM,33,6,27
12/29/2015 10:00:00 AM,15,4,11
12/29/2015 11:00:00 AM,14,4,10
12/29/2015 12:00:00 PM,10,5,5
12/29/2015 01:00:00 PM,15,11,4
12/29/2015 02:00:00 PM,29,15,14
12/29/2015 03:00:00 PM,25,20,5
12/29/2015 04:00:00 PM,57,41,16
12/29/2015 05:00:00 PM,77,66,11
12/29/2015 06:00:00 PM,29,22,7
12/29/2015 07:00:00 PM,10,9,1
12/29/2015 08:00:00 PM,3,2,1
12/29/2015 09:00:00 PM,7,6,1
12/29/2015 10:00:00 PM,1,1,0
12/29/2015 11:00:00 PM,2,0,2
12/30/2015 12:00:00 AM,2,1,1
12/30/2015 01:00:00 AM,0,0,0
12/30/2015 02:00:00 AM,1,0,1
12/30/2015 03:00:00 AM,0,0,0
12/30/2015 04:00:00 AM,1,1,0
12/30/2015 05:00:00 AM,9,2,7
12/30/2015 06:00:00 AM,19,6,13
12/30/2015 07:00:00 AM,43,10,33
12/30/2015 08:00:00 AM,32,2,30
12/30/2015 09:00:00 AM,24,4,20
12/30/2015 10:00:00 AM,14,4,10
12/30/2015 11:00:00 AM,15,8,7
12/30/2015 12:00:00 PM,23,9,14
12/30/2015 01:00:00 PM,19,10,9
12/30/2015 02:00:00 PM,18,10,8
12/30/2015 03:00:00 PM,31,24,7
12/30/2015 04:00:00 PM,58,36,22
12/30/2015 05:00:00 PM,45,39,6
12/30/2015 06:00:00 PM,29,18,11
12/30/2015 07:00:00 PM,16,13,3
12/30/2015 08:00:00 PM,7,5,2
12/30/2015 09:00:00 PM,2,2,0
12/30/2015 10:00:00 PM,2,2,0
12/30/2015 11:00:00 PM,1,1,0
12/31/2015 12:00:00 AM,4,2,2
12/31/2015 01:00:00 AM,2,1,1
12/31/2015 02:00:00 AM,0,0,0
12/31/2015 03:00:00 AM,3,3,0
12/31/2015 04:00:00 AM,0,0,0
12/31/2015 05:00:00 AM,5,2,3
12/31/2015 06:00:00 AM,22,4,18
12/31/2015 07:00:00 AM,14,5,9
12/31/2015 08:00:00 AM,27,3,24
12/31/2015 09:00:00 AM,13,3,10
12/31/2015 10:00:00 AM,11,3,8
12/31/2015 11:00:00 AM,10,6,4
12/31/2015 12:00:00 PM,15,9,6
12/31/2015 01:00:00 PM,30,14,16
12/31/2015 02:00:00 PM,28,17,11
12/31/2015 03:00:00 PM,40,23,17
12/31/2015 04:00:00 PM,19,12,7
12/31/2015 05:00:00 PM,23,20,3
12/31/2015 06:00:00 PM,10,4,6
12/31/2015 07:00:00 PM,5,4,1
12/31/2015 08:00:00 PM,2,2,0
12/31/2015 09:00:00 PM,4,2,2
12/31/2015 10:00:00 PM,0,0,0
12/31/2015 11:00:00 PM,1,1,0
01/01/2016 12:00:00 AM,2,2,0
01/01/2016 01:00:00 AM,1,1,0
01/01/2016 02:00:00 AM,0,0,0
01/01/2016 03:00:00 AM,1,1,0
01/01/2016 04:00:00 AM,2,2,0
01/01/2016 05:00:00 AM,1,0,1
01/01/2016 06:00:00 AM,1,0,1
01/01/2016 07:00:00 AM,2,1,1
01/01/2016 08:00:00 AM,1,0,1
01/01/2016 09:00:00 AM,0,0,0
01/01/2016 10:00:00 AM,13,4,9
01/01/2016 11:00:00 AM,23,12,11
01/01/2016 12:00:00 PM,24,15,9
01/01/2016 01:00:00 PM,34,18,16
01/01/2016 02:00:00 PM,39,20,19
01/01/2016 03:00:00 PM,25,9,16
01/01/2016 04:00:00 PM,11,6,5
01/01/2016 05:00:00 PM,7,3,4
01/01/2016 06:00:00 PM,9,3,6
01/01/2016 07:00:00 PM,9,2,7
01/01/2016 08:00:00 PM,3,2,1
01/01/2016 09:00:00 PM,2,1,1
01/01/2016 10:00:00 PM,0,0,0
01/01/2016 11:00:00 PM,2,2,0
01/02/2016 12:00:00 AM,3,3,0
01/02/2016 01:00:00 AM,0,0,0
01/02/2016 02:00:00 AM,3,1,2
01/02/2016 03:00:00 AM,0,0,0
01/02/2016 04:00:00 AM,1,1,0
01/02/2016 05:00:00 AM,3,0,3
01/02/2016 06:00:00 AM,2,1,1
01/02/2016 07:00:00 AM,0,0,0
01/02/2016 08:00:00 AM,3,2,1
01/02/2016 09:00:00 AM,14,3,11
01/02/2016 10:00:00 AM,16,10,6
01/02/2016 11:00:00 AM,23,9,14
01/02/2016 12:00:00 PM,20,9,11
01/02/2016 01:00:00 PM,27,11,16
01/02/2016 02:00:00 PM,24,16,8
01/02/2016 03:00:00 PM,26,17,9
01/02/2016 04:00:00 PM,22,9,13
01/02/2016 05:00:00 PM,11,6,5
01/02/2016 06:00:00 PM,4,0,4
01/02/2016 07:00:00 PM,1,1,0
01/02/2016 08:00:00 PM,4,4,0
01/02/2016 09:00:00 PM,4,2,2
01/02/2016 10:00:00 PM,1,0,1
01/02/2016 11:00:00 PM,1,1,0
01/03/2016 12:00:00 AM,0,0,0
01/03/2016 01:00:00 AM,1,1,0
01/03/2016 02:00:00 AM,0,0,0
01/03/2016 03:00:00 AM,1,0,1
01/03/2016 04:00:00 AM,2,2,0
01/03/2016 05:00:00 AM,4,1,3
01/03/2016 06:00:00 AM,4,1,3
01/03/2016 07:00:00 AM,2,0,2
01/03/2016 08:00:00 AM,5,3,2
01/03/2016 09:00:00 AM,7,1,6
01/03/2016 10:00:00 AM,10,7,3
01/03/2016 11:00:00 AM,18,5,13
01/03/2016 12:00:00 PM,22,9,13
01/03/2016 01:00:00 PM,21,10,11
01/03/2016 02:00:00 PM,7,3,4
01/03/2016 03:00:00 PM,9,5,4
01/03/2016 04:00:00 PM,2,1,1
01/03/2016 05:00:00 PM,7,5,2
01/03/2016 06:00:00 PM,3,3,0
01/03/2016 07:00:00 PM,4,2,2
01/03/2016 08:00:00 PM,3,3,0
01/03/2016 09:00:00 PM,2,1,1
01/03/2016 10:00:00 PM,1,1,0
01/03/2016 11:00:00 PM,0,0,0
01/04/2016 12:00:00 AM,0,0,0
01/04/2016 01:00:00 AM,0,0,0
01/04/2016 02:00:00 AM,1,0,1
01/04/2016 03:00:00 AM,3,2,1
01/04/2016 04:00:00 AM,1,1,0
01/04/2016 05:00:00 AM,9,1,8
01/04/2016 06:00:00 AM,35,5,30
01/04/2016 07:00:00 AM,63,5,58
01/04/2016 08:00:00 AM,82,5,77
01/04/2016 09:00:00 AM,22,0,22
01/04/2016 10:00:00 AM,13,3,10
01/04/2016 11:00:00 AM,6,4,2
01/04/2016 12:00:00 PM,5,2,3
01/04/2016 01:00:00 PM,5,2,3
01/04/2016 02:00:00 PM,7,3,4
01/04/2016 03:00:00 PM,18,15,3
01/04/2016 04:00:00 PM,52,44,8
01/04/2016 05:00:00 PM,90,78,12
01/04/2016 06:00:00 PM,37,33,4
01/04/2016 07:00:00 PM,23,21,2
01/04/2016 08:00:00 PM,6,5,1
01/04/2016 09:00:00 PM,1,1,0
01/04/2016 10:00:00 PM,1,1,0
01/04/2016 11:00:00 PM,1,1,0
01/05/2016 12:00:00 AM,0,0,0
01/05/2016 01:00:00 AM,1,0,1
01/05/2016 02:00:00 AM,2,1,1
01/05/2016 03:00:00 AM,3,2,1
01/05/2016 04:00:00 AM,0,0,0
01/05/2016 05:00:00 AM,13,2,11
01/05/2016 06:00:00 AM,48,7,41
01/05/2016 07:00:00 AM,76,14,62
01/05/2016 08:00:00 AM,73,4,69
01/05/2016 09:00:00 AM,30,1,29
01/05/2016 10:00:00 AM,11,3,8
01/05/2016 11:00:00 AM,8,4,4
01/05/2016 12:00:00 PM,4,3,1
01/05/2016 01:00:00 PM,7,4,3
01/05/2016 02:00:00 PM,11,6,5
01/05/2016 03:00:00 PM,17,15,2
01/05/2016 04:00:00 PM,47,36,11
01/05/2016 05:00:00 PM,94,82,12
01/05/2016 06:00:00 PM,41,35,6
01/05/2016 07:00:00 PM,17,16,1
01/05/2016 08:00:00 PM,14,10,4
01/05/2016 09:00:00 PM,2,2,0
01/05/2016 10:00:00 PM,4,4,0
01/05/2016 11:00:00 PM,1,1,0
01/06/2016 12:00:00 AM,1,1,0
01/06/2016 01:00:00 AM,0,0,0
01/06/2016 02:00:00 AM,1,0,1
01/06/2016 03:00:00 AM,1,1,0
01/06/2016 04:00:00 AM,1,0,1
01/06/2016 05:00:00 AM,18,3,15
01/06/2016 06:00:00 AM,44,3,41
01/06/2016 07:00:00 AM,85,10,75
01/06/2016 08:00:00 AM,96,11,85
01/06/2016 09:00:00 AM,42,4,38
01/06/2016 10:00:00 AM,19,5,14
01/06/2016 11:00:00 AM,14,2,12
01/06/2016 12:00:00 PM,15,9,6
01/06/2016 01:00:00 PM,18,7,11
01/06/2016 02:00:00 PM,32,22,10
01/06/2016 03:00:00 PM,38,25,13
01/06/2016 04:00:00 PM,70,57,13
01/06/2016 05:00:00 PM,110,101,9
01/06/2016 06:00:00 PM,54,44,10
01/06/2016 07:00:00 PM,21,21,0
01/06/2016 08:00:00 PM,18,15,3
01/06/2016 09:00:00 PM,9,8,1
01/06/2016 10:00:00 PM,3,2,1
01/06/2016 11:00:00 PM,2,1,1
01/07/2016 12:00:00 AM,3,2,1
01/07/2016 01:00:00 AM,0,0,0
01/07/2016 02:00:00 AM,2,1,1
01/07/2016 03:00:00 AM,0,0,0
01/07/2016 04:00:00 AM,0,0,0
01/07/2016 05:00:00 AM,15,3,12
01/07/2016 06:00:00 AM,47,4,43
01/07/2016 07:00:00 AM,85,13,72
01/07/2016 08:00:00 AM,95,10,85
01/07/2016 09:00:00 AM,32,1,31
01/07/2016 10:00:00 AM,15,2,13
01/07/2016 11:00:00 AM,9,2,7
01/07/2016 12:00:00 PM,10,6,4
01/07/2016 01:00:00 PM,21,7,14
01/07/2016 02:00:00 PM,23,14,9
01/07/2016 03:00:00 PM,25,17,8
01/07/2016 04:00:00 PM,55,43,12
01/07/2016 05:00:00 PM,102,90,12
01/07/2016 06:00:00 PM,64,52,12
01/07/2016 07:00:00 PM,26,19,7
01/07/2016 08:00:00 PM,4,4,0
01/07/2016 09:00:00 PM,10,9,1
01/07/2016 10:00:00 PM,7,7,0
01/07/2016 11:00:00 PM,4,3,1
01/08/2016 12:00:00 AM,6,5,1
01/08/2016 01:00:00 AM,1,0,1
01/08/2016 02:00:00 AM,1,0,1
01/08/2016 03:00:00 AM,5,2,3
01/08/2016 04:00:00 AM,1,1,0
01/08/2016 05:00:00 AM,7,2,5
01/08/2016 06:00:00 AM,38,3,35
01/08/2016 07:00:00 AM,69,7,62
01/08/2016 08:00:00 AM,81,7,74
01/08/2016 09:00:00 AM,28,2,26
01/08/2016 10:00:00 AM,8,1,7
01/08/2016 11:00:00 AM,21,12,9
01/08/2016 12:00:00 PM,24,10,14
01/08/2016 01:00:00 PM,17,4,13
01/08/2016 02:00:00 PM,27,18,9
01/08/2016 03:00:00 PM,39,27,12
01/08/2016 04:00:00 PM,65,51,14
01/08/2016 05:00:00 PM,90,83,7
01/08/2016 06:00:00 PM,49,43,6
01/08/2016 07:00:00 PM,19,12,7
01/08/2016 08:00:00 PM,8,6,2
01/08/2016 09:00:00 PM,9,7,2
01/08/2016 10:00:00 PM,4,3,1
01/08/2016 11:00:00 PM,2,2,0
01/09/2016 12:00:00 AM,6,4,2
01/09/2016 01:00:00 AM,3,2,1
01/09/2016 02:00:00 AM,1,0,1
01/09/2016 03:00:00 AM,2,1,1
01/09/2016 04:00:00 AM,1,0,1
01/09/2016 05:00:00 AM,5,1,4
01/09/2016 06:00:00 AM,2,0,2
01/09/2016 07:00:00 AM,9,4,5
01/09/2016 08:00:00 AM,15,6,9
01/09/2016 09:00:00 AM,21,3,18
01/09/2016 10:00:00 AM,17,12,5
01/09/2016 11:00:00 AM,28,13,15
01/09/2016 12:00:00 PM,37,19,18
01/09/2016 01:00:00 PM,29,14,15
01/09/2016 02:00:00 PM,49,30,19
01/09/2016 03:00:00 PM,53,26,27
01/09/2016 04:00:00 PM,30,14,16
01/09/2016 05:00:00 PM,7,5,2
01/09/2016 06:00:00 PM,6,2,4
01/09/2016 07:00:00 PM,7,4,3
01/09/2016 08:00:00 PM,6,2,4
01/09/2016 09:00:00 PM,2,2,0
01/09/2016 10:00:00 PM,4,4,0
01/09/2016 11:00:00 PM,3,3,0
01/10/2016 12:00:00 AM,0,0,0
01/10/2016 01:00:00 AM,0,0,0
01/10/2016 02:00:00 AM,2,2,0
01/10/2016 03:00:00 AM,1,1,0
01/10/2016 04:00:00 AM,0,0,0
01/10/2016 05:00:00 AM,3,0,3
01/10/2016 06:00:00 AM,1,0,1
01/10/2016 07:00:00 AM,1,0,1
01/10/2016 08:00:00 AM,16,8,8
01/10/2016 09:00:00 AM,18,10,8
01/10/2016 10:00:00 AM,28,16,12
01/10/2016 11:00:00 AM,15,9,6
01/10/2016 12:00:00 PM,27,7,20
01/10/2016 01:00:00 PM,31,16,15
01/10/2016 02:00:00 PM,41,24,17
01/10/2016 03:00:00 PM,52,26,26
01/10/2016 04:00:00 PM,27,12,15
01/10/2016 05:00:00 PM,11,2,9
01/10/2016 06:00:00 PM,4,1,3
01/10/2016 07:00:00 PM,4,4,0
01/10/2016 08:00:00 PM,1,1,0
01/10/2016 09:00:00 PM,0,0,0
01/10/2016 10:00:00 PM,0,0,0
01/10/2016 11:00:00 PM,1,1,0
01/11/2016 12:00:00 AM,2,2,0
01/11/2016 01:00:00 AM,2,1,1
01/11/2016 02:00:00 AM,1,0,1
01/11/2016 03:00:00 AM,2,1,1
01/11/2016 04:00:00 AM,0,0,0
01/11/2016 05:00:00 AM,13,0,13
01/11/2016 06:00:00 AM,46,3,43
01/11/2016 07:00:00 AM,97,13,84
01/11/2016 08:00:00 AM,87,11,76
01/11/2016 09:00:00 AM,28,3,25
01/11/2016 10:00:00 AM,10,1,9
01/11/2016 11:00:00 AM,7,2,5
01/11/2016 12:00:00 PM,7,4,3
01/11/2016 01:00:00 PM,7,2,5
01/11/2016 02:00:00 PM,11,4,7
01/11/2016 03:00:00 PM,30,22,8
01/11/2016 04:00:00 PM,54,43,11
01/11/2016 05:00:00 PM,112,102,10
01/11/2016 06:00:00 PM,52,46,6
01/11/2016 07:00:00 PM,15,13,2
01/11/2016 08:00:00 PM,8,7,1
01/11/2016 09:00:00 PM,14,10,4
01/11/2016 10:00:00 PM,6,4,2
01/11/2016 11:00:00 PM,2,2,0
01/12/2016 12:00:00 AM,0,0,0
01/12/2016 01:00:00 AM,1,0,1
01/12/2016 02:00:00 AM,1,0,1
01/12/2016 03:00:00 AM,2,2,0
01/12/2016 04:00:00 AM,2,1,1
01/12/2016 05:00:00 AM,14,1,13
01/12/2016 06:00:00 AM,45,7,38
01/12/2016 07:00:00 AM,79,12,67
01/12/2016 08:00:00 AM,87,3,84
01/12/2016 09:00:00 AM,28,2,26
01/12/2016 10:00:00 AM,7,0,7
01/12/2016 11:00:00 AM,10,2,8
01/12/2016 12:00:00 PM,6,3,3
01/12/2016 01:00:00 PM,8,3,5
01/12/2016 02:00:00 PM,4,3,1
01/12/2016 03:00:00 PM,14,11,3
01/12/2016 04:00:00 PM,41,33,8
01/12/2016 05:00:00 PM,99,87,12
01/12/2016 06:00:00 PM,62,52,10
01/12/2016 07:00:00 PM,12,11,1
01/12/2016 08:00:00 PM,10,7,3
01/12/2016 09:00:00 PM,6,5,1
01/12/2016 10:00:00 PM,5,5,0
01/12/2016 11:00:00 PM,2,2,0
01/13/2016 12:00:00 AM,0,0,0
01/13/2016 01:00:00 AM,1,0,1
01/13/2016 02:00:00 AM,2,1,1
01/13/2016 03:00:00 AM,1,1,0
01/13/2016 04:00:00 AM,1,0,1
01/13/2016 05:00:00 AM,19,2,17
01/13/2016 06:00:00 AM,35,3,32
01/13/2016 07:00:00 AM,64,8,56
01/13/2016 08:00:00 AM,76,6,70
01/13/2016 09:00:00 AM,16,0,16
01/13/2016 10:00:00 AM,11,1,10
01/13/2016 11:00:00 AM,4,1,3
01/13/2016 12:00:00 PM,2,0,2
01/13/2016 01:00:00 PM,7,4,3
01/13/2016 02:00:00 PM,16,10,6
01/13/2016 03:00:00 PM,26,17,9
01/13/2016 04:00:00 PM,41,30,11
01/13/2016 05:00:00 PM,88,80,8
01/13/2016 06:00:00 PM,63,52,11
01/13/2016 07:00:00 PM,19,16,3
01/13/2016 08:00:00 PM,10,8,2
01/13/2016 09:00:00 PM,4,4,0
01/13/2016 10:00:00 PM,4,4,0
01/13/2016 11:00:00 PM,5,3,2
01/14/2016 12:00:00 AM,3,3,0
01/14/2016 01:00:00 AM,0,0,0
01/14/2016 02:00:00 AM,2,0,2
01/14/2016 03:00:00 AM,0,0,0
01/14/2016 04:00:00 AM,2,0,2
01/14/2016 05:00:00 AM,19,2,17
01/14/2016 06:00:00 AM,42,8,34
01/14/2016 07:00:00 AM,82,11,71
01/14/2016 08:00:00 AM,111,15,96
01/14/2016 09:00:00 AM,44,2,42
01/14/2016 10:00:00 AM,17,4,13
01/14/2016 11:00:00 AM,13,4,9
01/14/2016 12:00:00 PM,20,8,12
01/14/2016 01:00:00 PM,20,12,8
01/14/2016 02:00:00 PM,18,8,10
01/14/2016 03:00:00 PM,43,28,15
01/14/2016 04:00:00 PM,67,52,15
01/14/2016 05:00:00 PM,118,107,11
01/14/2016 06:00:00 PM,59,50,9
01/14/2016 07:00:00 PM,19,18,1
01/14/2016 08:00:00 PM,13,12,1
01/14/2016 09:00:00 PM,9,8,1
01/14/2016 10:00:00 PM,3,2,1
01/14/2016 11:00:00 PM,2,2,0
01/15/2016 12:00:00 AM,6,4,2
01/15/2016 01:00:00 AM,1,0,1
01/15/2016 02:00:00 AM,1,1,0
01/15/2016 03:00:00 AM,0,0,0
01/15/2016 04:00:00 AM,2,0,2
01/15/2016 05:00:00 AM,12,5,7
01/15/2016 06:00:00 AM,33,6,27
01/15/2016 07:00:00 AM,67,10,57
01/15/2016 08:00:00 AM,73,8,65
01/15/2016 09:00:00 AM,33,3,30
01/15/2016 10:00:00 AM,17,6,11
01/15/2016 11:00:00 AM,10,5,5
01/15/2016 12:00:00 PM,18,10,8
01/15/2016 01:00:00 PM,15,7,8
01/15/2016 02:00:00 PM,20,8,12
01/15/2016 03:00:00 PM,24,17,7
01/15/2016 04:00:00 PM,55,45,10
01/15/2016 05:00:00 PM,70,63,7
01/15/2016 06:00:00 PM,45,37,8
01/15/2016 07:00:00 PM,13,10,3
01/15/2016 08:00:00 PM,4,3,1
01/15/2016 09:00:00 PM,5,3,2
01/15/2016 10:00:00 PM,8,7,1
01/15/2016 11:00:00 PM,2,2,0
01/16/2016 12:00:00 AM,3,0,3
01/16/2016 01:00:00 AM,3,3,0
01/16/2016 02:00:00 AM,2,1,1
01/16/2016 03:00:00 AM,0,0,0
01/16/2016 04:00:00 AM,0,0,0
01/16/2016 05:00:00 AM,2,0,2
01/16/2016 06:00:00 AM,2,0,2
01/16/2016 07:00:00 AM,2,0,2
01/16/2016 08:00:00 AM,5,0,5
01/16/2016 09:00:00 AM,8,2,6
01/16/2016 10:00:00 AM,15,6,9
01/16/2016 11:00:00 AM,17,5,12
01/16/2016 12:00:00 PM,21,6,15
01/16/2016 01:00:00 PM,15,9,6
01/16/2016 02:00:00 PM,20,9,11
01/16/2016 03:00:00 PM,12,7,5
01/16/2016 04:00:00 PM,7,4,3
01/16/2016 05:00:00 PM,9,3,6
01/16/2016 06:00:00 PM,4,1,3
01/16/2016 07:00:00 PM,4,2,2
01/16/2016 08:00:00 PM,3,3,0
01/16/2016 09:00:00 PM,5,2,3
01/16/2016 10:00:00 PM,0,0,0
01/16/2016 11:00:00 PM,0,0,0
01/17/2016 12:00:00 AM,5,4,1
01/17/2016 01:00:00 AM,1,1,0
01/17/2016 02:00:00 AM,0,0,0
01/17/2016 03:00:00 AM,1,1,0
01/17/2016 04:00:00 AM,1,1,0
01/17/2016 05:00:00 AM,4,1,3
01/17/2016 06:00:00 AM,5,0,5
01/17/2016 07:00:00 AM,0,0,0
01/17/2016 08:00:00 AM,7,3,4
01/17/2016 09:00:00 AM,3,1,2
01/17/2016 10:00:00 AM,2,1,1
01/17/2016 11:00:00 AM,6,3,3
01/17/2016 12:00:00 PM,10,7,3
01/17/2016 01:00:00 PM,9,6,3
01/17/2016 02:00:00 PM,8,3,5
01/17/2016 03:00:00 PM,11,7,4
01/17/2016 04:00:00 PM,5,3,2
01/17/2016 05:00:00 PM,6,2,4
01/17/2016 06:00:00 PM,3,3,0
01/17/2016 07:00:00 PM,2,2,0
01/17/2016 08:00:00 PM,2,2,0
01/17/2016 09:00:00 PM,3,2,1
01/17/2016 10:00:00 PM,0,0,0
01/17/2016 11:00:00 PM,1,1,0
01/18/2016 12:00:00 AM,0,0,0
01/18/2016 01:00:00 AM,0,0,0
01/18/2016 02:00:00 AM,0,0,0
01/18/2016 03:00:00 AM,2,1,1
01/18/2016 04:00:00 AM,2,0,2
01/18/2016 05:00:00 AM,5,1,4
01/18/2016 06:00:00 AM,23,6,17
01/18/2016 07:00:00 AM,41,4,37
01/18/2016 08:00:00 AM,48,3,45
01/18/2016 09:00:00 AM,28,4,24
01/18/2016 10:00:00 AM,20,8,12
01/18/2016 11:00:00 AM,22,12,10
01/18/2016 12:00:00 PM,22,5,17
01/18/2016 01:00:00 PM,29,10,19
01/18/2016 02:00:00 PM,41,24,17
01/18/2016 03:00:00 PM,49,25,24
01/18/2016 04:00:00 PM,62,43,19
01/18/2016 05:00:00 PM,46,39,7
01/18/2016 06:00:00 PM,38,36,2
01/18/2016 07:00:00 PM,11,9,2
01/18/2016 08:00:00 PM,5,4,1
01/18/2016 09:00:00 PM,5,5,0
01/18/2016 10:00:00 PM,3,2,1
01/18/2016 11:00:00 PM,1,0,1
01/19/2016 12:00:00 AM,0,0,0
01/19/2016 01:00:00 AM,1,1,0
01/19/2016 02:00:00 AM,1,0,1
01/19/2016 03:00:00 AM,4,2,2
01/19/2016 04:00:00 AM,3,1,2
01/19/2016 05:00:00 AM,26,3,23
01/19/2016 06:00:00 AM,49,9,40
01/19/2016 07:00:00 AM,77,12,65
01/19/2016 08:00:00 AM,113,10,103
01/19/2016 09:00:00 AM,31,3,28
01/19/2016 10:00:00 AM,14,2,12
01/19/2016 11:00:00 AM,19,6,13
01/19/2016 12:00:00 PM,12,8,4
01/19/2016 01:00:00 PM,14,6,8
01/19/2016 02:00:00 PM,7,4,3
01/19/2016 03:00:00 PM,19,16,3
01/19/2016 04:00:00 PM,47,37,10
01/19/2016 05:00:00 PM,103,95,8
01/19/2016 06:00:00 PM,58,48,10
01/19/2016 07:00:00 PM,17,15,2
01/19/2016 08:00:00 PM,7,5,2
01/19/2016 09:00:00 PM,12,11,1
01/19/2016 10:00:00 PM,0,0,0
01/19/2016 11:00:00 PM,0,0,0
01/20/2016 12:00:00 AM,1,1,0
01/20/2016 01:00:00 AM,1,1,0
01/20/2016 02:00:00 AM,1,0,1
01/20/2016 03:00:00 AM,1,1,0
01/20/2016 04:00:00 AM,5,0,5
01/20/2016 05:00:00 AM,13,3,10
01/20/2016 06:00:00 AM,36,5,31
01/20/2016 07:00:00 AM,83,10,73
01/20/2016 08:00:00 AM,98,10,88
01/20/2016 09:00:00 AM,24,4,20
01/20/2016 10:00:00 AM,20,5,15
01/20/2016 11:00:00 AM,15,4,11
01/20/2016 12:00:00 PM,8,5,3
01/20/2016 01:00:00 PM,17,5,12
01/20/2016 02:00:00 PM,23,16,7
01/20/2016 03:00:00 PM,29,19,10
01/20/2016 04:00:00 PM,58,48,10
01/20/2016 05:00:00 PM,103,90,13
01/20/2016 06:00:00 PM,58,47,11
01/20/2016 07:00:00 PM,24,21,3
01/20/2016 08:00:00 PM,8,6,2
01/20/2016 09:00:00 PM,6,6,0
01/20/2016 10:00:00 PM,6,5,1
01/20/2016 11:00:00 PM,2,2,0
01/21/2016 12:00:00 AM,2,2,0
01/21/2016 01:00:00 AM,2,2,0
01/21/2016 02:00:00 AM,0,0,0
01/21/2016 03:00:00 AM,0,0,0
01/21/2016 04:00:00 AM,2,0,2
01/21/2016 05:00:00 AM,17,3,14
01/21/2016 06:00:00 AM,39,5,34
01/21/2016 07:00:00 AM,55,6,49
01/21/2016 08:00:00 AM,67,8,59
01/21/2016 09:00:00 AM,14,1,13
01/21/2016 10:00:00 AM,11,1,10
01/21/2016 11:00:00 AM,4,1,3
01/21/2016 12:00:00 PM,3,1,2
01/21/2016 01:00:00 PM,4,0,4
01/21/2016 02:00:00 PM,12,7,5
01/21/2016 03:00:00 PM,17,9,8
01/21/2016 04:00:00 PM,30,26,4
01/21/2016 05:00:00 PM,64,58,6
01/21/2016 06:00:00 PM,47,40,7
01/21/2016 07:00:00 PM,14,13,1
01/21/2016 08:00:00 PM,8,6,2
01/21/2016 09:00:00 PM,6,5,1
01/21/2016 10:00:00 PM,3,3,0
01/21/2016 11:00:00 PM,4,3,1
01/22/2016 12:00:00 AM,3,3,0
01/22/2016 01:00:00 AM,3,0,3
01/22/2016 02:00:00 AM,3,2,1
01/22/2016 03:00:00 AM,2,0,2
01/22/2016 04:00:00 AM,0,0,0
01/22/2016 05:00:00 AM,8,2,6
01/22/2016 06:00:00 AM,31,3,28
01/22/2016 07:00:00 AM,56,13,43
01/22/2016 08:00:00 AM,85,11,74
01/22/2016 09:00:00 AM,26,3,23
01/22/2016 10:00:00 AM,14,5,9
01/22/2016 11:00:00 AM,12,6,6
01/22/2016 12:00:00 PM,17,9,8
01/22/2016 01:00:00 PM,14,7,7
01/22/2016 02:00:00 PM,22,9,13
01/22/2016 03:00:00 PM,26,18,8
01/22/2016 04:00:00 PM,50,33,17
01/22/2016 05:00:00 PM,70,63,7
01/22/2016 06:00:00 PM,56,47,9
01/22/2016 07:00:00 PM,15,11,4
01/22/2016 08:00:00 PM,11,5,6
01/22/2016 09:00:00 PM,3,3,0
01/22/2016 10:00:00 PM,9,8,1
01/22/2016 11:00:00 PM,2,2,0
01/23/2016 12:00:00 AM,8,7,1
01/23/2016 01:00:00 AM,5,4,1
01/23/2016 02:00:00 AM,2,0,2
01/23/2016 03:00:00 AM,2,1,1
01/23/2016 04:00:00 AM,1,0,1
01/23/2016 05:00:00 AM,6,3,3
01/23/2016 06:00:00 AM,2,2,0
01/23/2016 07:00:00 AM,4,0,4
01/23/2016 08:00:00 AM,9,1,8
01/23/2016 09:00:00 AM,2,0,2
01/23/2016 10:00:00 AM,5,2,3
01/23/2016 11:00:00 AM,11,6,5
01/23/2016 12:00:00 PM,11,7,4
01/23/2016 01:00:00 PM,3,1,2
01/23/2016 02:00:00 PM,4,4,0
01/23/2016 03:00:00 PM,8,5,3
01/23/2016 04:00:00 PM,6,2,4
01/23/2016 05:00:00 PM,7,3,4
01/23/2016 06:00:00 PM,3,2,1
01/23/2016 07:00:00 PM,3,2,1
01/23/2016 08:00:00 PM,1,1,0
01/23/2016 09:00:00 PM,2,1,1
01/23/2016 10:00:00 PM,2,2,0
01/23/2016 11:00:00 PM,2,2,0
01/24/2016 12:00:00 AM,0,0,0
01/24/2016 01:00:00 AM,1,0,1
01/24/2016 02:00:00 AM,2,1,1
01/24/2016 03:00:00 AM,0,0,0
01/24/2016 04:00:00 AM,4,2,2
01/24/2016 05:00:00 AM,3,0,3
01/24/2016 06:00:00 AM,5,2,3
01/24/2016 07:00:00 AM,11,3,8
01/24/2016 08:00:00 AM,14,2,12
01/24/2016 09:00:00 AM,23,10,13
01/24/2016 10:00:00 AM,34,14,20
01/24/2016 11:00:00 AM,50,23,27
01/24/2016 12:00:00 PM,41,19,22
01/24/2016 01:00:00 PM,56,36,20
01/24/2016 02:00:00 PM,57,37,20
01/24/2016 03:00:00 PM,48,21,27
01/24/2016 04:00:00 PM,30,20,10
01/24/2016 05:00:00 PM,17,7,10
01/24/2016 06:00:00 PM,5,4,1
01/24/2016 07:00:00 PM,8,7,1
01/24/2016 08:00:00 PM,1,1,0
01/24/2016 09:00:00 PM,3,2,1
01/24/2016 10:00:00 PM,1,1,0
01/24/2016 11:00:00 PM,1,0,1
01/25/2016 12:00:00 AM,0,0,0
01/25/2016 01:00:00 AM,0,0,0
01/25/2016 02:00:00 AM,2,0,2
01/25/2016 03:00:00 AM,1,1,0
01/25/2016 04:00:00 AM,1,0,1
01/25/2016 05:00:00 AM,17,1,16
01/25/2016 06:00:00 AM,50,10,40
01/25/2016 07:00:00 AM,98,15,83
01/25/2016 08:00:00 AM,115,15,100
01/25/2016 09:00:00 AM,40,9,31
01/25/2016 10:00:00 AM,23,5,18
01/25/2016 11:00:00 AM,13,5,8
01/25/2016 12:00:00 PM,21,9,12
01/25/2016 01:00:00 PM,14,9,5
01/25/2016 02:00:00 PM,29,13,16
01/25/2016 03:00:00 PM,34,26,8
01/25/2016 04:00:00 PM,78,54,24
01/25/2016 05:00:00 PM,132,122,10
01/25/2016 06:00:00 PM,74,66,8
01/25/2016 07:00:00 PM,22,19,3
01/25/2016 08:00:00 PM,12,11,1
01/25/2016 09:00:00 PM,16,13,3
01/25/2016 10:00:00 PM,5,3,2
01/25/2016 11:00:00 PM,2,2,0
01/26/2016 12:00:00 AM,0,0,0
01/26/2016 01:00:00 AM,1,0,1
01/26/2016 02:00:00 AM,3,2,1
01/26/2016 03:00:00 AM,2,1,1
01/26/2016 04:00:00 AM,3,0,3
01/26/2016 05:00:00 AM,18,3,15
01/26/2016 06:00:00 AM,42,5,37
01/26/2016 07:00:00 AM,80,7,73
01/26/2016 08:00:00 AM,87,7,80
01/26/2016 09:00:00 AM,28,3,25
01/26/2016 10:00:00 AM,13,2,11
01/26/2016 11:00:00 AM,6,2,4
01/26/2016 12:00:00 PM,5,0,5
01/26/2016 01:00:00 PM,13,5,8
01/26/2016 02:00:00 PM,10,5,5
01/26/2016 03:00:00 PM,25,16,9
01/26/2016 04:00:00 PM,56,45,11
01/26/2016 05:00:00 PM,95,86,9
01/26/2016 06:00:00 PM,67,58,9
01/26/2016 07:00:00 PM,16,15,1
01/26/2016 08:00:00 PM,16,12,4
01/26/2016 09:00:00 PM,7,5,2
01/26/2016 10:00:00 PM,6,2,4
01/26/2016 11:00:00 PM,3,3,0
01/27/2016 12:00:00 AM,2,0,2
01/27/2016 01:00:00 AM,4,3,1
01/27/2016 02:00:00 AM,1,0,1
01/27/2016 03:00:00 AM,1,1,0
01/27/2016 04:00:00 AM,0,0,0
01/27/2016 05:00:00 AM,19,7,12
01/27/2016 06:00:00 AM,53,5,48
01/27/2016 07:00:00 AM,75,8,67
01/27/2016 08:00:00 AM,101,11,90
01/27/2016 09:00:00 AM,37,7,30
01/27/2016 10:00:00 AM,14,4,10
01/27/2016 11:00:00 AM,10,6,4
01/27/2016 12:00:00 PM,11,3,8
01/27/2016 01:00:00 PM,20,8,12
01/27/2016 02:00:00 PM,22,13,9
01/27/2016 03:00:00 PM,24,18,6
01/27/2016 04:00:00 PM,58,44,14
01/27/2016 05:00:00 PM,89,86,3
01/27/2016 06:00:00 PM,57,42,15
01/27/2016 07:00:00 PM,19,18,1
01/27/2016 08:00:00 PM,12,9,3
01/27/2016 09:00:00 PM,8,7,1
01/27/2016 10:00:00 PM,5,5,0
01/27/2016 11:00:00 PM,2,2,0
01/28/2016 12:00:00 AM,2,1,1
01/28/2016 01:00:00 AM,1,1,0
01/28/2016 02:00:00 AM,1,0,1
01/28/2016 03:00:00 AM,0,0,0
01/28/2016 04:00:00 AM,2,0,2
01/28/2016 05:00:00 AM,6,1,5
01/28/2016 06:00:00 AM,33,5,28
01/28/2016 07:00:00 AM,56,8,48
01/28/2016 08:00:00 AM,70,8,62
01/28/2016 09:00:00 AM,20,1,19
01/28/2016 10:00:00 AM,14,2,12
01/28/2016 11:00:00 AM,12,4,8
01/28/2016 12:00:00 PM,8,3,5
01/28/2016 01:00:00 PM,15,7,8
01/28/2016 02:00:00 PM,17,9,8
01/28/2016 03:00:00 PM,28,15,13
01/28/2016 04:00:00 PM,46,33,13
01/28/2016 05:00:00 PM,77,71,6
01/28/2016 06:00:00 PM,53,47,6
01/28/2016 07:00:00 PM,25,19,6
01/28/2016 08:00:00 PM,12,11,1
01/28/2016 09:00:00 PM,8,6,2
01/28/2016 10:00:00 PM,7,4,3
01/28/2016 11:00:00 PM,4,4,0
01/29/2016 12:00:00 AM,6,4,2
01/29/2016 01:00:00 AM,0,0,0
01/29/2016 02:00:00 AM,1,0,1
01/29/2016 03:00:00 AM,1,0,1
01/29/2016 04:00:00 AM,3,0,3
01/29/2016 05:00:00 AM,11,0,11
01/29/2016 06:00:00 AM,35,5,30
01/29/2016 07:00:00 AM,63,9,54
01/29/2016 08:00:00 AM,65,5,60
01/29/2016 09:00:00 AM,19,2,17
01/29/2016 10:00:00 AM,7,2,5
01/29/2016 11:00:00 AM,1,0,1
01/29/2016 12:00:00 PM,5,3,2
01/29/2016 01:00:00 PM,8,3,5
01/29/2016 02:00:00 PM,10,3,7
01/29/2016 03:00:00 PM,23,20,3
01/29/2016 04:00:00 PM,39,33,6
01/29/2016 05:00:00 PM,75,64,11
01/29/2016 06:00:00 PM,56,42,14
01/29/2016 07:00:00 PM,21,15,6
01/29/2016 08:00:00 PM,6,3,3
01/29/2016 09:00:00 PM,5,3,2
01/29/2016 10:00:00 PM,11,6,5
01/29/2016 11:00:00 PM,4,2,2
01/30/2016 12:00:00 AM,6,4,2
01/30/2016 01:00:00 AM,1,1,0
01/30/2016 02:00:00 AM,3,1,2
01/30/2016 03:00:00 AM,2,1,1
01/30/2016 04:00:00 AM,2,1,1
01/30/2016 05:00:00 AM,7,2,5
01/30/2016 06:00:00 AM,3,1,2
01/30/2016 07:00:00 AM,5,1,4
01/30/2016 08:00:00 AM,15,4,11
01/30/2016 09:00:00 AM,16,5,11
01/30/2016 10:00:00 AM,30,17,13
01/30/2016 11:00:00 AM,42,21,21
01/30/2016 12:00:00 PM,32,10,22
01/30/2016 01:00:00 PM,28,14,14
01/30/2016 02:00:00 PM,32,18,14
01/30/2016 03:00:00 PM,28,14,14
01/30/2016 04:00:00 PM,32,21,11
01/30/2016 05:00:00 PM,16,10,6
01/30/2016 06:00:00 PM,10,7,3
01/30/2016 07:00:00 PM,3,3,0
01/30/2016 08:00:00 PM,4,3,1
01/30/2016 09:00:00 PM,4,4,0
01/30/2016 10:00:00 PM,3,1,2
01/30/2016 11:00:00 PM,2,2,0
01/31/2016 12:00:00 AM,1,1,0
01/31/2016 01:00:00 AM,3,2,1
01/31/2016 02:00:00 AM,1,1,0
01/31/2016 03:00:00 AM,1,1,0
01/31/2016 04:00:00 AM,2,2,0
01/31/2016 05:00:00 AM,3,1,2
01/31/2016 06:00:00 AM,4,3,1
01/31/2016 07:00:00 AM,5,1,4
01/31/2016 08:00:00 AM,11,5,6
01/31/2016 09:00:00 AM,13,4,9
01/31/2016 10:00:00 AM,23,12,11
01/31/2016 11:00:00 AM,28,12,16
01/31/2016 12:00:00 PM,28,15,13
01/31/2016 01:00:00 PM,23,11,12
01/31/2016 02:00:00 PM,23,13,10
01/31/2016 03:00:00 PM,20,9,11
01/31/2016 04:00:00 PM,14,5,9
01/31/2016 05:00:00 PM,10,5,5
01/31/2016 06:00:00 PM,4,3,1
01/31/2016 07:00:00 PM,7,6,1
01/31/2016 08:00:00 PM,1,1,0
01/31/2016 09:00:00 PM,3,3,0
01/31/2016 10:00:00 PM,1,0,1
01/31/2016 11:00:00 PM,1,1,0
